-98965.99
0
0
3 159 633 200 
0
0
3 519 426 142 
1 717 
0
1 218 
4 713 671 82 240 
4 600 468 704 427 
4 776 742 283 764 
0
0
4 640 100 514 472 
0
3 246 276 316 
4 591 385 509 425 
0
4 654 126 203 525 
4 226 442 479 692 
2 350 584 
0
4 361 141 530 179 
0
0
2 470 45 
4 34 476 67 290 
0
3 749 213 594 
4 596 423 568 224 
4 40 457 732 180 
0
1 98 
3 739 260 248 
0
0
4 516 369 114 80 
2 551 793 
4 105 258 755 540 
3 128 134 109 
1 724 
2 619 536 
0
3 358 285 720 
4 113 354 135 691 
4 656 78 71 680 
2 335 133 
0
0
2 217 102 
4 495 613 663 249 
4 7 391 689 280 
0
0
4 282 151 144 26 
0
4 405 562 170 528 
4 572 433 733 738 
0
4 579 279 123 687 
4 602 83 108 416 
0
4 79 635 366 399 
2 119 638 
4 47 121 171 278 
2 659 186 
4 191 370 97 381 
3 670 458 598 
0
1 318 
4 373 581 259 451 
3 431 347 526 
0
4 118 253 617 746 
0
4 184 168 294 94 
0
0
0
2 754 471 
0
3 407 344 86 
3 314 299 758 
0
4 125 174 243 586 
0
1 301 
4 158 404 95 311 
4 400 348 396 89 
4 209 727 116 718 
0
3 620 508 81 
0
2 201 112 
0
1 730 
1 63 
0
4 87 575 784 33 
4 374 510 461 504 
3 728 229 636 
0
0
0
3 549 587 233 
0
0
0
0
0
4 11 507 735 117 
4 774 88 58 356 
0
0
0
0
3 480 684 631 
2 42 235 
0
3 506 415 578 
4 308 709 505 595 
4 556 274 428 773 
0
2 32 56 
0
3 553 187 609 
4 770 652 644 312 
0
4 146 571 648 267 
0
0
4 541 49 338 388 
4 421 436 637 359 
4 99 57 668 237 
0
4 245 3 612 14 
3 351 379 439 
0
3 650 250 397 
4 771 169 192 408 
0
0
0
2 25 589 
4 440 647 750 143 
3 196 674 534 
3 122 522 593 
4 130 219 664 77 
2 390 28 
4 377 657 378 604 
4 447 73 681 475 
0
3 17 107 778 
0
1 41 
4 64 165 175 566 
1 402 
0
3 69 161 317 
2 539 322 
0
0
0
4 207 429 149 172 
4 51 195 297 293 
0
4 714 463 337 672 
1 481 
1 511 
3 731 752 685 
0
4 329 291 167 227 
1 210 
3 574 422 327 
0
4 120 601 60 768 
4 478 577 221 779 
4 242 576 563 772 
1 16 
0
0
1 545 
4 23 93 448 437 
4 520 466 74 547 
0
4 241 745 661 592 
4 512 788 138 435 
3 185 734 557 
0
0
0
0
0
2 606 521 
4 688 608 697 152 
4 261 239 254 76 
1 362 
1 372 
4 791 607 340 641 
3 332 527 228 
0
0
3 154 642 597 
4 284 395 281 452 
0
0
4 157 197 277 432 
0
4 153 675 492 498 
2 467 355 
2 266 630 
4 623 1 104 54 
3 206 769 515 
1 160 
4 618 794 342 268 
0
3 330 353 19 
4 163 6 780 747 
0
0
0
3 401 10 719 
0
3 211 766 177 
0
2 560 310 
3 694 567 275 
0
0
4 465 629 542 36 
4 559 565 363 371 
0
3 271 223 31 
2 349 643 
2 313 66 
3 409 693 632 
0
4 533 205 139 555 
0
0
0
1 92 
0
0
3 189 517 777 
1 673 
0
0
3 729 38 48 
4 645 666 785 715 
0
4 443 147 334 610 
3 393 140 699 
4 473 660 298 583 
4 655 561 705 450 
4 270 269 548 37 
4 500 289 319 741 
2 383 622 
4 726 137 614 12 
0
1 737 
4 725 531 198 182 
1 677 
1 708 
3 487 302 234 
3 484 753 658 
0
0
2 124 331 
0
4 625 474 424 287 
4 716 456 588 712 
2 231 18 
0
2 106 24 
0
0
4 320 193 744 582 
0
2 569 616 
2 13 212 
2 39 325 
0
0
2 454 328 
3 611 85 438 
2 573 706 
3 795 324 336 
4 751 723 441 162 
0
0
4 156 155 136 91 
4 626 8 199 103 
4 263 462 127 368 
2 178 756 
0
0
0
0
0
4 190 690 417 701 
0
4 420 535 523 624 
2 580 403 
0
0
0
4 256 220 486 273 
0
0
4 459 145 43 252 
3 110 707 68 
1 367 
4 760 590 483 792 
3 21 307 326 
4 501 702 265 305 
3 53 700 345 
0
4 477 257 204 485 
4 132 406 61 115 
4 667 564 166 781 
0
0
3 315 649 20 
4 546 4 662 529 
0
0
3 603 513 262 
2 164 743 
4 412 27 264 627 
0
3 236 173 62 
4 90 59 375 272 
0
0
3 35 2 646 
4 398 376 703 300 
0
4 757 653 357 72 
0
0
3 50 554 341 
0
4 303 46 296 339 
4 255 430 543 446 
0
3 789 628 286 
4 247 380 464 786 
4 678 111 84 767 
4 634 722 52 214 
0
3 759 488 679 
2 418 244 
4 419 288 365 651 
4 683 309 65 382 
0
2 194 392 
3 215 502 790 
3 783 765 15 
0
3 558 292 455 
0
3 775 665 762 
4 5 225 736 352 
0
0
4 761 323 460 449 
0
0
4 787 183 518 445 
0
1 413 
4 544 695 550 682 
4 710 9 129 414 
3 208 333 230 
0
3 387 696 22 
0
1 639 
4 740 101 503 444 
4 386 605 410 570 
4 44 552 55 686 
3 321 537 676 
0
4 202 304 251 150 
0
3 782 131 469 
0
4 494 96 532 669 
0
4 148 434 615 763 
3 698 181 384 
0
3 389 497 176 
0
3 524 599 232 
0
0
4 538 453 411 216 
0
3 30 721 75 
2 493 346 
4 188 70 238 748 
0
4 394 496 306 490 
1 489 
3 360 621 343 
0
0
2 295 222 
0
3 491 29 711 
0
0
4 585 499 364 482 
