-91181.79
0
4 354 723 755 327 
4 793 109 766 177 
4 585 348 248 91 
0
2 757 78 
4 533 587 621 503 
4 591 156 417 758 
0
4 13 568 566 767 
3 494 460 682 
4 391 537 230 216 
2 553 334 
4 656 487 204 599 
2 707 594 
4 440 652 171 180 
4 726 137 614 536 
4 443 442 119 699 
0
0
4 787 576 355 359 
0
2 236 173 
4 489 429 719 763 
3 419 96 532 
0
4 626 761 470 46 
3 105 220 212 
1 194 
3 541 88 10 
4 55 307 414 227 
4 241 183 395 224 
4 106 743 663 371 
0
4 24 629 52 627 
0
4 158 696 548 37 
3 477 118 636 
4 403 83 108 416 
4 659 282 765 498 
1 44 
4 351 457 542 672 
0
0
0
4 603 554 630 312 
3 57 228 149 
2 191 61 
4 51 53 745 410 
0
4 508 333 437 214 
0
4 7 409 364 768 
4 500 476 430 278 
0
4 683 263 750 337 
0
4 313 655 140 586 
4 163 760 496 117 
0
4 789 199 608 100 
3 90 8 479 
0
4 620 223 27 718 
2 623 584 
4 575 394 237 77 
4 759 188 704 272 
0
1 717 
1 232 
1 92 
4 39 260 376 427 
0
0
3 21 493 616 
0
3 549 323 593 
0
0
3 398 453 578 
4 257 471 641 624 
0
0
3 295 326 792 
0
4 454 788 507 735 
4 377 552 121 95 
0
0
0
2 64 314 
0
3 148 59 136 
0
0
4 205 486 595 779 
1 730 
1 63 
4 125 60 192 764 
2 6 492 
0
4 34 217 668 604 
3 407 517 84 
0
0
4 580 151 290 166 
0
3 606 360 111 
0
2 279 705 
0
0
3 329 357 648 
0
3 73 772 142 
4 783 347 445 746 
0
4 255 210 19 747 
3 242 131 235 
0
4 367 794 264 267 
0
0
0
0
0
3 625 474 617 
0
4 246 770 615 281 
0
4 495 688 28 597 
0
3 546 466 638 
2 276 609 
3 99 412 129 
2 447 161 
1 481 
1 511 
3 133 102 62 
3 709 72 446 
0
4 113 684 17 411 
4 120 695 518 425 
0
4 400 288 397 435 
2 164 126 
3 256 665 196 
4 421 635 375 198 
4 315 11 219 449 
1 390 
0
0
0
3 206 285 253 
0
3 413 370 116 
0
1 402 
0
4 369 647 392 396 
4 292 328 342 450 
0
0
1 29 
0
0
0
4 619 721 123 547 
0
0
2 752 685 
4 386 605 338 293 
4 387 708 344 452 
4 373 727 127 712 
3 574 461 528 
0
3 154 561 738 
4 519 720 382 583 
0
0
0
0
1 545 
0
3 520 736 31 
3 320 505 345 
4 5 1 662 388 
4 654 600 468 200 
3 734 753 286 
2 85 316 
3 698 9 203 
4 289 319 622 80 
0
4 184 66 642 463 
0
0
4 559 613 677 317 
3 667 557 300 
2 365 664 
2 611 98 
4 459 791 304 485 
4 596 93 259 86 
0
2 181 167 
0
1 341 
0
0
4 538 666 70 14 
2 41 202 
0
0
3 226 420 780 
3 30 769 103 
3 544 633 784 
0
3 573 562 170 
2 330 483 
3 20 785 697 
0
4 308 128 244 588 
3 438 669 305 
2 132 153 
0
1 301 
0
4 618 114 82 152 
0
0
3 130 522 275 
4 465 448 297 287 
3 512 266 74 
0
4 480 50 711 311 
0
0
4 558 385 193 632 
0
4 539 458 38 432 
0
2 434 4 
0
1 318 
3 754 353 296 
0
4 187 509 644 265 
1 673 
4 491 439 179 94 
0
4 484 564 97 372 
2 35 229 
0
4 195 251 252 339 
0
2 393 233 
0
3 270 571 733 
3 335 379 703 
0
4 169 535 523 89 
4 145 134 104 54 
1 737 
4 207 383 674 534 
4 710 261 112 555 
2 65 598 
2 716 776 
1 658 
4 749 488 729 107 
0
4 79 274 81 715 
0
4 782 366 543 277 
3 478 350 689 
3 231 176 306 
4 160 33 778 748 
0
0
2 374 467 
4 185 174 700 197 
0
1 569 
1 671 
0
0
3 436 637 249 
1 48 
4 628 661 451 651 
2 728 706 
4 405 291 422 336 
4 751 724 168 162 
0
4 473 590 464 143 
0
0
3 321 725 68 
2 32 56 
3 675 340 756 
0
3 284 269 268 
0
4 42 234 790 540 
4 209 646 702 298 
0
0
0
0
0
4 190 713 325 378 
0
0
0
1 43 
1 238 
3 510 455 138 
4 159 2 302 211 
3 731 208 679 
0
4 601 426 475 182 
0
1 110 
0
4 247 380 744 172 
4 516 657 178 441 
3 653 101 18 
3 189 58 424 
4 739 418 322 399 
0
0
0
0
4 157 25 589 777 
0
0
0
4 577 221 693 525 
4 146 694 254 76 
4 40 225 631 701 
0
0
4 690 175 115 781 
3 795 135 680 
0
0
2 602 222 
4 332 303 686 273 
2 215 331 
4 406 213 732 343 
0
4 147 67 144 26 
3 349 563 610 
3 634 515 741 
0
2 678 324 
2 556 530 
2 361 527 
4 309 714 469 592 
0
1 201 
4 506 415 250 692 
4 122 502 676 773 
1 87 
4 245 3 612 352 
0
4 218 363 639 529 
3 141 456 45 
0
0
4 362 722 15 36 
0
1 346 
4 69 258 607 12 
2 572 524 
0
4 389 497 687 368 
0
0
0
3 774 404 22 
4 650 681 504 240 
2 310 582 
0
3 579 139 294 
0
2 670 433 
4 124 423 513 691 
4 186 428 514 472 
0
0
0
4 271 165 155 299 
0
4 23 501 239 660 
4 775 649 550 742 
0
4 384 280 444 490 
4 243 408 262 381 
4 49 567 482 786 
0
2 762 526 
4 645 401 16 283 
0
2 551 75 
1 521 
1 150 
0
4 431 499 531 356 
2 358 581 
0
0
4 47 560 643 570 
0
0
0
2 771 640 
2 740 71 
2 565 462 
