-104737.13
0
1 341 
1 29 
4 44 601 426 142 
0
0
0
0
4 218 524 81 680 
3 552 151 290 
4 565 225 507 19 
3 276 140 136 
4 619 147 248 359 
2 49 589 
4 105 527 765 498 
0
4 556 157 316 176 
4 367 384 437 779 
3 11 736 548 
0
4 159 205 668 535 
3 431 621 38 
0
4 308 242 700 340 
0
0
4 113 350 139 167 
4 99 59 212 33 
4 516 133 365 396 
2 263 603 
2 241 468 
4 739 137 428 767 
4 90 156 175 115 
1 98 
2 695 58 
0
0
4 459 258 228 616 
1 671 
4 50 448 758 472 
0
3 740 479 744 
4 401 56 344 227 
2 539 458 
0
2 256 55 
4 477 678 496 80 
1 194 
4 51 53 66 570 
0
2 508 471 
4 667 564 45 180 
2 572 331 
0
1 435 
0
4 154 470 486 715 
0
3 538 127 738 
2 434 82 
3 260 129 766 
3 145 173 179 
0
3 292 675 22 
4 405 223 111 632 
0
0
0
2 717 433 
1 427 
0
2 473 689 
1 372 
4 191 370 513 267 
4 118 784 741 272 
0
4 69 380 97 172 
0
0
3 447 73 578 
0
2 13 793 
3 407 116 265 
2 314 593 
0
2 141 411 
0
1 403 
3 387 347 46 
4 559 390 530 293 
4 122 727 74 547 
2 652 117 
1 549 
3 585 169 171 
2 226 112 
2 195 392 
1 730 
4 398 453 135 475 
1 662 
3 6 677 317 
0
1 604 
0
1 207 
2 768 143 
2 512 461 
0
0
4 710 386 605 630 
4 443 165 279 705 
0
3 315 93 755 
3 349 474 464 
0
3 495 465 566 
0
0
4 670 614 425 15 
3 42 134 259 
0
4 688 366 732 368 
4 551 635 469 238 
0
0
3 187 324 555 
0
4 421 666 681 540 
3 770 584 18 
0
0
4 506 67 297 287 
4 546 615 422 327 
0
4 789 183 101 138 
3 659 379 636 
0
4 788 235 701 481 
1 328 
2 102 149 
4 190 650 723 298 
1 70 
4 206 579 193 318 
0
0
3 57 599 764 
3 440 65 63 
2 196 352 
4 782 737 745 523 
4 573 209 219 598 
1 268 
0
0
0
4 769 608 100 748 
0
0
0
1 232 
0
4 713 302 660 687 
0
3 30 476 75 
4 423 197 514 432 
4 360 4 107 108 
2 709 733 
4 361 362 554 674 
0
2 270 28 
3 289 319 711 
1 511 
4 257 685 251 712 
0
3 78 71 388 
2 210 790 
2 574 777 
0
4 655 561 504 305 
4 654 720 382 36 
0
0
0
0
1 545 
3 124 497 397 
4 520 563 269 651 
3 580 160 414 
0
1 663 
2 247 557 
3 795 192 424 
0
0
0
3 656 487 628 
2 201 521 
0
4 261 647 708 697 
4 602 334 610 177 
4 132 488 333 14 
0
3 41 404 230 
1 724 
1 543 
0
4 284 43 198 452 
0
3 2 395 281 
3 776 735 781 
0
0
4 478 354 509 772 
0
4 787 229 119 95 
2 576 642 
0
4 690 714 588 529 
0
3 330 371 658 
4 321 322 273 306 
0
3 749 1 104 
0
3 600 10 719 
0
1 301 
0
3 560 299 310 
4 774 391 571 378 
0
1 89 
1 152 
4 369 394 250 54 
0
3 130 762 312 
2 85 643 
0
4 185 202 168 84 
0
2 32 376 
4 184 568 485 778 
0
0
1 92 
3 754 492 528 
3 553 255 430 
3 7 189 750 
3 673 109 592 
0
0
0
1 25 
0
4 480 462 517 77 
2 393 233 
0
0
4 164 126 417 345 
4 575 27 222 381 
3 61 525 416 
4 246 721 794 12 
4 413 743 682 26 
0
4 23 532 249 240 
3 39 522 211 
4 541 121 664 94 
0
1 569 
0
0
0
0
4 332 274 661 450 
4 454 466 86 490 
4 751 60 567 482 
0
3 419 519 239 
4 208 696 449 691 
0
4 591 633 699 451 
0
0
3 220 234 72 
4 146 357 542 339 
0
1 364 
1 48 
4 760 325 631 756 
3 335 303 304 
4 285 200 692 336 
2 577 383 
4 731 716 231 746 
0
0
2 406 103 
4 120 725 753 356 
3 178 441 747 
2 726 266 
2 125 221 
0
4 358 409 537 444 
1 9 
3 494 613 68 
4 400 442 455 343 
4 783 420 264 214 
3 625 389 518 
0
0
0
3 562 703 641 
0
4 626 436 637 237 
4 500 418 363 252 
4 329 96 123 76 
4 79 243 586 91 
4 153 590 617 534 
4 21 439 311 624 
4 501 253 445 300 
2 544 694 
0
1 110 
0
0
4 759 295 702 526 
0
4 377 320 20 785 
3 596 323 408 
0
0
0
4 128 244 342 773 
4 374 467 438 463 
0
0
0
4 684 536 399 277 
0
2 64 646 
4 620 502 355 742 
0
2 148 649 
2 313 161 
2 657 307 
0
4 706 686 644 622 
4 35 282 204 679 
4 618 456 503 446 
4 351 213 262 763 
4 158 412 704 286 
2 188 144 
2 88 693 
4 728 24 186 410 
0
4 611 623 375 296 
0
2 217 62 
4 683 309 348 114 
0
0
4 373 609 638 216 
2 215 629 
1 87 
2 752 612 
0
3 533 385 505 
4 645 510 170 224 
0
0
1 581 
0
0
2 707 338 
0
4 34 634 254 786 
4 5 550 52 627 
4 489 429 402 294 
0
0
0
3 199 483 792 
1 639 
0
3 47 174 515 
3 460 275 597 
2 181 676 
0
0
0
4 484 155 278 583 
4 698 8 640 31 
4 40 457 648 669 
0
3 288 166 582 
2 761 587 
0
0
1 150 
3 558 665 493 
4 271 499 531 162 
2 245 3 
3 757 653 16 
0
4 106 131 780 83 
4 606 791 607 346 
0
0
4 163 729 718 37 
4 734 203 595 182 
4 291 280 337 672 
0
0
0
0
3 491 17 326 
4 771 236 353 283 
0
4 775 415 722 594 
