-102665.04
0
1 341 
1 253 
0
0
0
4 163 760 707 610 
1 350 
4 50 353 542 339 
4 206 491 403 639 
4 600 140 496 198 
4 655 587 621 197 
4 510 563 269 435 
2 574 176 
4 41 745 661 268 
0
4 541 562 615 718 
4 120 666 674 529 
4 645 11 736 548 
4 190 126 417 397 
0
3 208 762 598 
0
4 361 462 116 622 
3 577 60 427 
0
2 209 646 
4 626 220 212 166 
2 516 527 
4 787 360 595 651 
1 694 
4 93 299 82 452 
0
0
4 421 181 58 638 
0
0
4 257 636 503 287 
4 13 250 107 108 
4 23 727 704 115 
1 475 
4 710 128 43 33 
2 242 689 
0
0
3 708 535 691 
3 35 713 112 
3 728 263 133 
4 769 291 70 177 
0
0
3 495 635 290 
4 158 412 384 280 
0
0
4 285 700 144 26 
0
0
1 16 
0
0
1 416 
0
4 688 366 699 38 
0
0
1 472 
4 191 131 668 97 
4 670 363 425 37 
3 184 71 513 
0
4 473 468 200 712 
0
3 241 183 129 
4 477 118 483 747 
0
4 69 348 531 792 
0
1 320 
4 398 453 395 249 
2 229 471 
0
1 407 
0
0
3 187 56 167 
0
0
4 387 493 18 336 
4 271 314 46 293 
3 122 404 355 
0
4 775 717 642 597 
0
0
4 553 322 31 91 
1 730 
1 63 
1 662 
3 6 239 104 
1 705 
1 604 
0
0
0
0
0
2 788 304 
1 386 
4 279 794 414 368 
4 440 474 578 117 
4 329 357 648 172 
4 373 391 168 356 
0
4 73 567 768 143 
4 289 347 589 777 
0
4 5 521 675 593 
2 284 28 
0
1 663 
0
4 332 274 81 15 
4 455 251 252 80 
4 620 223 324 463 
0
0
4 546 466 790 715 
2 480 614 
3 215 325 281 
2 564 451 
3 665 607 692 
2 354 338 
4 774 169 171 735 
2 379 307 
2 751 486 
3 461 312 481 
3 235 514 48 
3 99 409 456 
1 709 
3 261 581 702 
2 219 275 
3 771 199 234 
0
2 25 95 
4 633 378 179 36 
0
4 51 565 225 631 
2 494 457 
0
4 276 537 22 277 
1 447 
0
4 207 375 444 748 
0
4 406 244 402 534 
0
2 507 232 
0
4 596 59 243 594 
0
0
0
1 29 
0
4 113 351 554 764 
0
4 619 213 138 540 
1 328 
1 511 
3 656 752 685 
1 672 
2 157 192 
2 585 571 
3 573 602 316 
0
2 79 467 
3 667 557 162 
4 156 175 441 300 
3 321 725 210 
3 549 502 681 
0
4 17 644 83 778 
4 39 165 536 352 
4 572 189 111 311 
0
0
4 9 155 298 152 
4 130 522 211 272 
4 533 434 196 786 
3 556 67 264 
2 335 101 
0
2 405 628 
3 484 637 664 
0
3 96 438 317 
2 105 362 
1 488 
4 606 369 647 228 
1 55 
1 724 
0
0
0
0
0
3 776 74 432 
0
1 153 
0
0
4 110 729 744 781 
4 683 282 469 237 
2 160 340 
0
0
2 217 569 
4 698 42 753 286 
0
4 90 174 426 240 
0
3 202 479 719 
3 552 671 259 
1 301 
0
0
4 247 394 127 278 
4 40 370 136 76 
0
3 465 102 342 
4 618 532 345 779 
1 436 
4 201 754 204 630 
0
3 759 66 785 
4 659 576 380 297 
0
0
3 500 266 617 
0
0
1 92 
1 346 
3 164 650 430 
0
4 551 673 109 767 
3 439 265 214 
0
0
2 32 231 
0
4 85 195 344 142 
1 393 
0
0
4 270 608 230 89 
4 544 258 448 45 
4 24 383 643 528 
4 611 98 295 12 
2 145 134 
2 749 737 
4 148 205 629 52 
4 65 733 592 582 
4 400 121 68 86 
0
3 459 601 568 
0
0
2 124 331 
0
0
3 389 497 632 
0
0
0
3 431 137 584 
0
4 591 385 509 738 
0
4 721 518 756 624 
4 30 319 741 77 
4 401 505 437 396 
0
2 323 364 
2 330 173 
0
2 132 706 
0
4 313 657 10 94 
0
0
0
4 159 2 302 103 
1 367 
3 178 149 216 
4 512 333 517 262 
0
0
0
0
4 690 203 296 180 
3 442 612 697 
0
0
4 47 390 530 570 
4 7 349 470 306 
0
4 623 429 750 337 
0
0
4 559 423 61 498 
1 238 
4 757 561 248 446 
0
4 21 365 693 641 
2 501 482 
4 185 734 460 732 
0
4 716 613 677 525 
0
0
3 125 791 410 
0
4 358 653 20 422 
4 739 770 433 408 
4 726 524 566 182 
3 783 151 222 
2 1 658 
2 743 114 
4 654 539 458 283 
0
0
0
3 684 780 669 
0
4 782 640 586 294 
4 443 147 376 424 
0
4 315 649 428 227 
4 49 492 526 372 
0
0
2 575 334 
1 303 
4 374 154 652 543 
0
4 625 141 135 399 
0
4 454 392 382 388 
4 731 57 605 616 
0
3 419 161 679 
4 418 603 254 627 
4 146 288 485 318 
4 309 793 660 381 
0
1 194 
4 88 609 449 766 
4 520 686 772 504 
3 87 255 193 
4 558 292 696 359 
3 678 784 14 
4 377 53 139 523 
4 226 560 170 224 
0
0
4 580 722 273 267 
0
4 413 186 703 701 
3 260 233 680 
0
4 34 236 19 343 
4 478 218 119 682 
2 308 489 
3 499 326 746 
0
3 695 550 72 
0
2 310 545 
4 740 123 62 547 
3 106 634 515 
3 44 519 221 
2 761 676 
0
0
0
4 789 720 371 583 
0
4 8 765 742 773 
0
0
4 64 508 420 464 
0
4 487 4 450 490 
1 150 
2 599 327 
4 246 476 411 555 
0
3 538 723 84 
0
0
3 579 75 54 
2 188 588 
0
1 795 
2 445 687 
4 256 27 758 763 
3 78 100 305 
0
0
4 245 3 590 711 
0
0
0
4 506 415 714 755 
