-96307.54
0
1 341 
0
4 453 269 548 627 
0
0
3 409 27 513 
0
4 217 522 722 786 
4 421 688 403 382 
4 226 225 682 94 
3 373 587 353 
4 709 497 525 583 
3 146 24 244 
2 611 623 
0
3 124 615 715 
4 141 334 425 15 
0
0
1 258 
3 431 319 741 
0
0
4 351 168 616 381 
1 328 
3 684 139 273 
2 212 166 
4 30 133 194 441 
4 787 360 589 311 
3 215 322 352 
4 69 695 518 222 
0
2 500 3 
2 389 355 
0
0
4 41 186 703 719 
0
3 51 205 61 
0
4 105 128 71 240 
2 209 325 
4 459 147 537 31 
4 175 503 687 368 
2 99 55 
1 477 
4 759 605 230 346 
4 760 590 264 570 
0
4 335 195 102 62 
0
4 538 704 402 306 
4 671 660 422 416 
0
0
2 470 463 
4 739 257 727 586 
3 645 93 464 
0
4 405 165 203 167 
3 145 43 33 
0
4 125 560 316 22 
4 113 49 19 632 
4 457 136 14 763 
0
4 413 131 668 622 
4 520 331 676 52 
0
0
4 190 725 75 45 
0
4 90 207 608 115 
4 524 81 327 624 
0
4 698 465 554 661 
0
0
2 73 233 
4 47 791 607 528 
0
2 407 280 
4 480 285 758 792 
0
2 32 56 
3 731 454 788 
4 13 793 414 779 
1 785 
2 148 794 
4 79 649 736 100 
3 652 449 388 
3 11 486 198 
0
3 558 665 493 
3 181 784 180 
1 730 
1 63 
4 549 67 82 177 
4 6 460 275 748 
4 374 510 469 475 
1 604 
0
2 87 769 
4 553 255 456 162 
0
0
0
0
4 279 723 485 216 
1 440 
3 101 176 427 
4 271 88 10 77 
0
0
0
0
4 670 614 445 523 
4 42 640 595 182 
0
1 663 
4 495 635 60 662 
0
0
4 620 721 496 747 
0
2 591 609 
3 740 502 643 
0
4 120 519 571 733 
0
4 546 170 718 336 
0
3 789 379 338 
2 314 702 
0
3 137 621 641 
3 777 262 48 
0
4 585 650 250 692 
4 400 121 192 408 
1 224 
2 40 629 
0
1 130 
3 633 399 91 
4 196 296 372 481 
3 544 366 697 
4 600 219 693 265 
4 110 686 644 529 
4 276 58 356 691 
0
0
1 29 
0
0
0
2 507 232 
0
4 596 59 375 764 
0
0
0
0
4 169 155 299 435 
4 572 57 46 293 
0
4 714 340 312 89 
3 783 21 173 
1 511 
0
0
3 187 324 298 
4 349 561 768 446 
1 574 
0
0
3 601 557 444 
0
1 210 
0
0
0
3 581 68 397 
4 717 433 664 547 
4 580 685 566 142 
0
3 9 637 437 
3 575 631 535 
4 795 123 84 651 
0
4 656 387 461 598 
0
2 556 434 
3 201 406 439 
0
0
4 308 362 243 540 
4 289 347 104 26 
4 309 288 235 318 
0
4 577 66 281 337 
1 543 
2 154 567 
3 284 426 86 
0
0
3 188 4 738 
0
4 728 202 479 54 
4 478 354 509 772 
4 579 429 750 277 
3 516 229 468 
4 263 307 107 108 
1 724 
4 618 681 451 268 
0
3 330 211 658 
3 292 1 669 
0
2 749 199 
0
4 206 350 642 97 
0
1 301 
0
0
1 247 
0
4 358 50 578 767 
4 39 200 345 152 
4 565 776 359 582 
0
4 782 628 294 339 
4 85 395 197 514 
0
4 35 667 753 138 
0
4 655 474 411 555 
2 184 532 
0
0
3 159 156 564 
0
2 761 430 
4 533 274 612 630 
2 673 290 
0
0
0
3 208 696 638 
2 23 323 
3 541 418 462 
3 666 70 286 
4 473 65 732 172 
0
4 619 720 735 712 
3 683 223 116 
4 386 745 410 343 
3 332 423 12 
3 361 134 483 
1 737 
4 710 694 378 267 
4 419 657 363 259 
4 774 112 762 701 
0
2 634 95 
0
0
2 573 404 
0
4 678 438 744 766 
0
3 231 674 117 
0
2 183 239 
1 149 
2 78 234 
2 320 140 
4 770 563 74 472 
0
2 348 114 
3 321 357 790 
0
2 436 364 
4 185 488 729 38 
4 606 369 647 392 
2 246 706 
0
0
0
0
0
4 106 690 193 252 
4 443 476 530 755 
0
4 512 484 648 746 
2 270 221 
0
4 8 160 536 76 
1 393 
3 390 417 597 
4 442 25 699 680 
2 754 471 
4 174 700 317 778 
4 313 713 302 103 
4 7 118 371 300 
0
4 675 705 592 80 
0
3 602 492 498 
4 551 53 291 237 
1 238 
4 329 126 248 283 
0
3 256 527 679 
4 501 253 711 305 
0
0
0
0
0
0
0
0
4 303 569 756 432 
2 726 266 
0
2 603 326 
4 654 743 531 249 
4 157 365 482 143 
0
2 236 228 
0
0
0
2 64 646 
3 757 653 689 
0
4 163 734 109 773 
0
4 241 370 593 534 
0
3 191 383 594 
4 751 204 588 227 
4 385 20 344 450 
4 626 539 380 780 
4 398 376 342 452 
0
4 391 584 18 37 
0
0
2 304 251 
0
2 132 153 
0
0
0
4 367 129 617 781 
4 315 752 765 424 
0
2 218 178 
0
4 377 552 401 505 
0
0
0
0
0
0
4 260 171 504 214 
0
4 34 295 448 144 
1 394 
2 164 489 
3 659 333 517 
0
2 625 119 
4 92 213 179 672 
2 310 545 
4 5 508 420 297 
3 282 28 278 
3 44 2 458 
0
0
0
0
4 613 677 428 287 
0
4 261 466 396 36 
2 467 127 
4 559 242 17 639 
4 158 412 384 742 
0
4 716 151 254 490 
1 150 
3 447 161 455 
3 122 499 610 
1 98 
3 189 16 72 
0
3 576 636 83 
1 521 
0
0
3 506 487 708 
4 494 96 550 542 
4 220 568 526 272 
0
0
0
3 245 707 111 
2 491 515 
3 771 562 599 
0
3 775 415 135 
