-99582.5
0
2 573 161 
0
4 761 193 82 152 
0
0
1 717 
4 88 376 661 583 
3 50 711 311 
4 309 671 483 179 
2 600 765 
3 533 587 384 
4 415 537 31 287 
0
1 498 
0
4 35 571 704 402 
4 247 334 259 452 
0
4 329 126 637 91 
0
4 656 274 363 264 
0
4 209 302 692 177 
0
0
4 684 753 342 396 
1 166 
0
3 740 27 211 
4 401 505 424 547 
4 645 688 457 100 
0
2 206 3 
4 487 685 138 15 
0
0
4 41 737 213 74 
0
3 421 258 103 
0
1 724 
4 120 695 681 451 
3 459 539 119 
0
4 527 194 566 240 
4 606 260 171 680 
4 759 147 116 641 
0
2 619 319 
4 508 696 622 712 
4 495 635 61 249 
3 538 140 280 
0
0
0
4 349 470 228 669 
0
4 355 399 446 305 
0
1 367 
4 667 107 108 416 
0
4 654 366 19 343 
3 405 295 554 
0
0
4 191 131 668 792 
4 409 456 428 450 
0
0
4 130 468 610 540 
3 236 471 658 
2 243 359 
4 276 723 485 781 
0
4 113 184 426 275 
0
0
1 73 
0
0
2 407 768 
2 314 780 
0
4 454 455 595 490 
0
1 301 
3 556 434 25 
4 760 325 593 293 
4 649 316 84 651 
0
1 549 
0
2 493 262 
4 398 453 492 281 
1 730 
4 165 564 109 475 
4 308 67 578 238 
3 183 307 278 
4 374 154 561 198 
4 728 263 1 604 
0
0
0
4 473 608 437 142 
4 30 521 729 237 
0
2 87 386 
3 447 279 733 
1 63 
0
4 391 532 326 523 
0
0
0
0
4 770 178 149 77 
4 544 96 114 180 
0
1 663 
2 60 598 
0
0
3 412 324 224 
0
0
4 739 562 615 535 
2 596 123 
4 670 458 779 368 
2 135 444 
1 546 
4 246 605 338 388 
4 782 689 697 766 
0
0
1 788 
1 511 
0
0
4 480 285 429 422 
4 698 565 121 631 
0
0
2 762 528 
2 440 156 
3 196 294 339 
4 255 664 272 672 
2 124 231 
2 390 417 
2 413 395 
0
0
2 513 748 
0
4 370 299 97 381 
2 175 197 
4 655 497 176 232 
0
4 23 59 234 283 
0
0
0
1 29 
4 190 743 155 449 
4 315 665 703 297 
0
0
2 201 289 
0
2 721 517 
0
4 506 11 550 52 
3 541 727 705 
3 574 461 227 
0
4 79 467 652 265 
3 164 348 127 
4 633 772 592 117 
0
0
0
1 253 
4 93 28 382 172 
4 558 125 736 548 
4 580 365 693 267 
2 141 371 
2 9 567 
2 725 557 
0
0
3 99 112 679 
0
4 354 210 742 273 
4 257 102 441 372 
0
4 713 204 251 252 
3 775 205 590 
4 488 333 115 318 
3 710 369 647 
4 787 244 674 534 
2 577 700 
0
4 181 438 144 54 
0
1 341 
4 2 518 464 514 
2 187 56 
0
3 153 420 526 
3 443 476 509 
4 245 266 639 756 
4 110 133 235 310 
3 282 708 340 
0
3 358 752 686 
0
3 330 479 691 
4 292 304 555 715 
0
2 749 75 
0
3 783 10 719 
0
4 551 42 793 744 
0
1 545 
2 601 290 
0
1 89 
3 465 411 216 
0
0
4 751 628 630 80 
3 335 657 643 
0
0
0
4 572 423 662 312 
3 39 522 38 
2 321 676 
0
1 92 
0
2 320 430 
2 189 353 
2 159 673 
0
0
4 484 248 277 481 
3 785 352 306 
2 774 323 
4 64 754 101 755 
1 393 
4 552 225 4 345 
0
4 270 174 629 143 
2 575 448 
4 626 207 745 525 
4 400 379 636 12 
4 313 145 134 104 
0
4 789 403 536 767 
3 65 543 76 
3 350 219 445 
0
4 516 791 569 616 
0
0
2 387 599 
0
3 32 303 70 
4 716 466 682 94 
0
0
3 683 13 239 
2 208 328 
0
4 591 385 58 86 
4 256 520 20 230 
0
3 360 331 735 
4 757 653 357 586 
0
2 436 364 
4 351 173 62 214 
0
2 185 706 
4 795 68 425 336 
0
0
0
0
0
4 553 501 136 435 
0
3 726 524 439 
0
0
4 148 220 486 167 
2 618 460 
4 690 530 356 268 
4 442 612 427 763 
4 98 199 660 298 
4 559 650 250 414 
4 47 613 677 472 
4 7 169 200 597 
0
4 218 675 482 627 
0
0
0
2 694 642 
0
0
3 21 392 773 
0
4 53 212 45 582 
0
2 707 496 
4 500 406 383 344 
0
4 659 288 469 529 
4 158 623 462 638 
4 510 563 168 18 
4 242 576 322 408 
0
3 634 17 222 
3 81 14 624 
0
3 163 722 594 
0
0
2 375 296 
0
0
4 122 646 702 786 
4 40 502 648 300 
0
3 620 614 463 
0
1 701 
0
4 128 71 758 632 
2 678 531 
2 625 16 
4 90 8 640 337 
4 241 188 621 286 
4 361 195 317 778 
2 85 584 
3 146 24 186 
2 49 111 
4 418 347 589 746 
3 477 118 378 
3 132 217 410 
0
0
0
4 226 602 609 738 
3 271 223 784 
0
0
0
4 377 709 129 254 
4 771 170 397 327 
0
0
2 69 581 
0
0
3 731 55 607 
0
4 611 57 66 764 
3 78 291 162 
3 489 269 687 
0
0
4 5 579 714 503 
3 34 229 380 
3 519 221 732 
3 494 151 617 
3 51 769 515 
2 44 720 
2 373 433 
0
2 202 43 
0
0
3 284 560 750 
4 261 233 504 182 
3 585 404 699 
1 419 
4 389 794 718 37 
0
3 478 666 22 
1 150 
1 137 
4 512 499 95 432 
4 431 603 46 542 
3 157 507 72 
0
4 106 6 644 83 
1 48 
3 160 33 26 
0
2 394 192 
4 734 203 777 36 
4 332 362 568 588 
0
0
2 747 570 
0
3 491 139 346 
0
3 105 474 741 
3 215 776 790 
