-98283.76
4 309 671 483 570 
2 35 161 
3 560 299 310 
4 164 650 135 91 
4 487 225 736 72 
3 749 145 469 
4 698 539 466 450 
4 783 499 693 198 
2 351 379 
3 23 546 642 
3 110 462 492 
2 329 357 
2 510 127 
3 678 704 402 
2 442 607 
2 453 437 
2 170 273 
3 158 721 609 
4 7 187 195 750 
2 495 436 
3 276 129 780 
0
0
4 51 369 392 382 
4 710 600 615 340 
0
1 646 
1 302 
0
3 684 244 630 
4 215 675 275 388 
4 8 486 422 262 
0
1 98 
0
3 465 344 475 
0
2 754 636 
0
3 782 737 103 
0
2 206 623 
0
0
0
3 516 706 455 
3 477 257 173 
2 759 202 
4 740 219 68 237 
0
3 508 729 756 
4 506 717 58 249 
4 757 434 119 280 
0
1 65 
4 30 406 479 26 
0
0
4 645 393 155 718 
0
3 11 27 578 
3 464 337 416 
0
4 491 515 254 490 
3 130 696 424 
4 13 116 641 381 
4 787 576 43 758 
0
3 670 363 598 
1 427 
3 92 213 317 
3 789 460 790 
2 201 131 
3 160 711 748 
4 21 81 327 624 
0
3 69 613 644 
0
0
3 284 720 142 
1 472 
0
0
4 314 139 669 214 
0
3 389 794 224 
1 788 
1 301 
2 785 352 
3 620 295 448 
3 443 124 355 
0
1 549 
0
1 726 
0
1 730 
4 625 199 629 435 
4 655 530 566 773 
4 683 282 380 179 
4 374 467 723 281 
0
0
4 183 353 715 763 
0
0
0
0
0
3 398 279 705 
0
4 101 251 252 172 
4 226 640 19 781 
0
4 73 429 176 267 
4 728 263 420 297 
0
4 573 260 222 77 
0
0
4 663 664 343 368 
3 688 457 662 
0
0
4 5 521 461 312 
3 665 661 86 
4 271 223 509 95 
0
4 261 652 738 37 
4 440 93 171 543 
3 695 233 451 
4 751 657 307 513 
3 739 49 31 
4 39 468 735 38 
1 791 
1 232 
4 245 484 114 339 
1 328 
1 102 
4 120 709 376 138 
2 771 20 
4 575 784 345 227 
0
0
3 659 66 586 
0
2 558 204 
4 421 53 212 425 
3 255 338 766 
0
4 132 153 668 514 
3 447 633 699 
0
3 713 403 166 
0
0
0
4 556 686 136 14 
0
2 174 29 
0
0
0
0
4 775 565 550 100 
3 121 772 277 
0
4 619 325 631 540 
1 481 
1 511 
0
1 672 
3 241 147 384 
4 385 518 536 143 
3 377 128 702 
3 220 228 525 
2 474 414 
4 42 348 637 396 
0
3 78 517 84 
0
0
1 253 
4 480 409 175 167 
3 423 755 452 
0
0
4 9 497 286 583 
4 418 603 46 294 
0
0
4 656 587 593 746 
0
2 350 628 
1 48 
0
3 6 239 45 
4 308 59 234 359 
3 3 493 658 
2 229 584 
3 99 85 438 
4 361 151 639 778 
4 367 378 747 287 
4 154 407 768 444 
0
1 341 
4 551 2 4 582 
4 459 734 411 306 
0
0
0
0
2 579 532 
0
2 577 724 
4 601 28 278 89 
0
0
2 303 762 
0
0
0
0
0
4 370 200 529 177 
0
1 545 
4 247 123 62 36 
1 502 
4 292 196 555 15 
0
1 581 
0
4 400 112 235 701 
0
0
3 184 17 610 
0
4 315 181 594 80 
4 500 266 617 293 
1 433 
0
4 313 386 605 33 
0
1 430 
4 189 324 595 182 
3 519 221 592 
2 330 439 
0
0
1 25 
2 666 152 
4 349 561 531 597 
2 415 426 
4 473 571 250 180 
0
3 270 673 259 
3 769 383 674 
2 745 526 
3 387 347 12 
3 760 134 744 
4 105 552 401 75 
4 55 365 504 268 
3 725 753 272 
4 122 776 283 691 
0
3 236 569 616 
0
0
4 163 602 643 18 
0
1 332 
4 716 456 588 94 
2 231 300 
4 188 567 107 108 
0
1 149 
0
1 320 
0
0
0
1 140 
0
0
1 289 
4 256 412 193 692 
3 591 274 304 
4 795 210 733 336 
3 405 404 408 
0
0
1 156 
0
4 541 169 482 542 
2 178 162 
4 335 524 612 115 
0
0
4 207 608 192 449 
1 63 
4 618 557 680 216 
3 71 741 792 
4 246 217 471 604 
4 159 793 82 76 
4 47 390 395 298 
0
0
4 34 770 563 326 
0
4 165 564 109 767 
4 596 554 410 719 
4 544 694 342 779 
4 190 690 714 485 
3 527 590 97 
3 413 186 679 
3 501 211 117 
4 559 67 535 687 
0
4 476 677 777 528 
0
0
3 208 333 371 
0
4 57 61 622 712 
2 538 56 
2 354 10 
4 191 291 296 372 
0
3 148 323 364 
4 113 322 230 265 
4 761 752 685 197 
4 634 700 144 54 
0
0
0
4 626 258 708 70 
3 654 126 248 
0
4 774 137 614 463 
3 606 360 589 
4 242 689 682 318 
2 50 168 
2 743 417 
3 431 660 632 
4 667 203 356 446 
0
4 572 727 638 627 
1 41 
4 358 653 507 786 
0
1 311 
4 562 703 397 651 
0
2 185 288 
0
0
2 133 194 
4 553 285 269 548 
3 373 391 722 
1 87 
1 611 
0
3 146 96 505 
4 40 765 74 432 
0
0
2 209 334 
0
0
2 707 648 
0
0
4 64 488 503 764 
2 489 290 
0
0
4 533 649 621 428 
0
4 580 366 732 238 
4 494 24 243 52 
4 106 218 522 104 
1 44 
3 321 331 676 
0
0
0
4 635 60 681 240 
3 520 574 599 
3 205 264 547 
0
1 419 
4 478 88 16 742 
0
4 79 157 316 22 
1 150 
2 394 111 
3 141 496 523 
2 32 647 
2 125 537 
0
3 512 319 83 
4 731 454 1 346 
4 90 362 375 697 
0
0
2 445 534 
4 118 568 441 498 
3 470 399 305 
0
0
0
0
0
0
2 585 458 
