-97066.34
0
1 341 
1 253 
3 473 60 567 
0
2 775 581 
4 389 609 63 227 
4 315 474 264 427 
3 656 454 455 
4 261 250 414 545 
4 600 468 768 182 
2 187 135 
4 9 248 444 583 
0
3 640 286 691 
4 625 401 497 249 
3 684 221 715 
4 367 438 297 287 
4 7 85 505 718 
3 164 126 114 
4 226 147 637 240 
4 606 229 4 14 
0
4 551 2 700 317 
0
0
0
3 290 107 108 
4 728 519 168 298 
3 209 121 631 
3 124 470 280 
0
4 774 223 193 252 
1 98 
1 695 
0
0
4 41 602 704 402 
0
4 185 360 615 340 
0
3 51 128 71 
4 5 357 648 267 
3 349 170 224 
0
4 418 603 701 528 
4 246 257 707 411 
3 459 263 133 
0
0
2 102 588 
1 667 
3 771 562 331 
0
4 215 647 762 437 
3 406 291 669 
4 653 111 311 432 
1 670 
4 645 565 584 172 
0
2 480 409 
1 416 
0
3 79 274 22 
0
4 8 199 61 115 
1 472 
4 131 469 598 763 
4 405 165 139 167 
0
0
3 575 532 82 
4 759 6 517 62 
4 241 145 479 54 
4 21 612 630 641 
0
3 69 613 492 
0
0
2 453 578 
2 754 471 
0
2 407 425 
4 295 46 143 214 
0
4 544 258 590 692 
0
4 499 200 778 748 
3 512 137 25 
4 113 57 554 293 
4 120 737 366 742 
0
1 549 
0
4 556 557 281 396 
4 553 157 119 699 
1 730 
2 142 368 
4 284 560 316 773 
0
1 705 
4 626 527 629 786 
0
2 106 634 
0
0
0
0
0
0
0
3 101 18 490 
3 717 563 45 
0
2 495 436 
4 726 347 756 624 
0
4 130 614 593 265 
2 42 403 
4 87 386 605 687 
4 721 233 371 597 
1 419 
4 739 50 197 327 
0
4 146 243 74 547 
4 387 363 445 632 
0
0
0
2 415 171 
4 96 509 772 451 
4 158 488 696 424 
0
4 789 188 355 732 
4 787 202 668 97 
0
1 788 
1 328 
0
4 585 650 723 523 
4 285 720 482 627 
4 434 466 95 179 
0
0
2 55 486 
3 440 220 426 
3 350 307 610 
4 538 195 428 15 
3 11 219 513 
4 688 722 72 268 
2 442 607 
0
0
1 29 
0
3 191 608 498 
0
0
0
4 369 20 230 534 
3 447 279 733 
0
0
0
3 654 743 155 
0
0
4 506 649 661 592 
1 481 
1 511 
0
0
3 761 587 384 
4 374 633 682 712 
0
0
1 467 
4 373 574 461 779 
0
0
0
0
0
4 23 93 702 356 
4 189 140 496 747 
4 552 17 644 345 
0
1 393 
4 783 522 464 514 
3 795 210 586 
0
0
0
3 354 123 342 
4 678 714 526 372 
4 580 507 790 91 
4 489 429 294 177 
4 90 362 234 435 
1 521 
4 361 376 235 312 
2 636 503 
4 577 745 542 672 
0
0
0
0
0
3 35 666 70 
0
2 153 1 
2 271 675 
4 431 266 536 352 
4 710 181 10 604 
4 683 282 204 410 
4 160 326 300 37 
0
0
3 330 228 616 
4 32 56 674 117 
0
0
0
1 719 
0
1 301 
0
4 618 456 84 76 
2 601 75 
0
2 314 275 
3 247 785 595 
4 421 67 741 77 
0
4 208 333 622 80 
0
0
4 558 125 628 251 
0
4 770 423 109 738 
4 132 13 673 617 
0
0
1 92 
4 484 564 758 346 
3 190 255 430 
4 698 292 304 176 
0
0
0
0
0
4 635 66 642 94 
4 398 334 259 475 
1 663 
4 320 175 392 152 
3 561 417 397 
0
1 448 
2 457 337 
3 476 794 12 
4 47 793 103 272 
0
4 782 689 19 89 
3 141 677 162 
2 122 646 
1 709 
3 289 319 658 
0
0
3 323 460 450 
4 573 537 116 38 
3 539 736 408 
3 520 322 52 
3 231 697 306 
4 308 465 134 744 
3 749 370 166 
2 149 262 
0
0
2 579 239 
1 569 
3 159 174 212 
3 478 110 325 
0
0
0
3 500 118 693 
2 335 706 
0
4 716 65 382 388 
0
0
0
0
3 757 652 136 
4 665 729 33 26 
4 99 524 81 273 
2 73 28 
0
3 572 727 100 
4 510 380 780 570 
0
3 34 217 703 
4 508 420 535 746 
3 39 260 518 
4 413 302 254 336 
0
0
4 256 178 566 277 
0
0
0
4 390 530 463 540 
2 543 446 
0
4 516 740 112 679 
4 443 690 269 548 
2 53 43 
0
4 611 623 462 378 
4 391 671 660 343 
0
4 659 183 324 680 
0
2 546 31 
3 218 776 283 
4 477 491 383 643 
0
2 184 173 
0
1 16 
0
4 201 236 439 777 
2 694 299 
3 620 404 338 
0
0
4 329 502 594 180 
0
4 163 309 550 735 
4 49 127 638 232 
1 238 
0
0
4 332 303 196 296 
4 591 385 753 138 
3 724 664 381 
4 40 225 784 529 
0
4 541 88 129 222 
0
0
0
3 400 379 493 
4 494 288 365 711 
0
0
1 194 
4 751 27 211 198 
4 64 765 359 766 
3 713 151 104 
0
0
4 377 161 681 504 
4 412 621 755 339 
0
0
4 270 571 237 36 
0
0
4 731 752 685 441 
0
1 144 
4 78 515 483 781 
3 619 348 639 
0
0
4 358 501 353 399 
4 769 213 344 452 
1 310 
2 657 458 
4 242 576 589 792 
3 44 791 686 
3 321 725 676 
0
1 318 
4 30 169 364 278 
0
0
4 559 205 750 764 
0
4 206 276 531 582 
3 596 394 192 
0
2 487 708 
1 150 
4 351 186 599 651 
0
2 245 3 
4 154 433 449 86 
0
3 760 58 83 
1 48 
3 734 395 525 
0
4 533 156 203 422 
4 207 375 555 767 
4 313 24 568 485 
1 305 
0
0
0
0
0
4 105 655 68 662 
4 148 59 244 216 
