-89850.33
2 106 24 
1 341 
2 96 200 
2 761 430 
3 561 753 265 
0
4 349 407 517 632 
3 740 363 513 
2 575 584 
0
2 650 532 
4 645 552 119 742 
4 255 376 526 216 
3 499 114 80 
3 611 57 700 
4 203 298 238 368 
4 35 657 458 227 
2 415 135 
0
4 619 260 101 422 
4 132 145 479 719 
4 185 734 460 773 
2 754 173 
2 60 230 
4 774 351 29 211 
4 508 333 136 262 
3 50 411 523 
3 600 765 542 
2 731 133 
4 667 677 300 37 
1 161 
0
4 34 634 403 622 
1 98 
3 739 49 355 
0
4 120 360 615 718 
3 728 576 636 
4 361 401 68 166 
1 448 
4 215 762 680 570 
0
0
4 412 140 378 747 
0
4 99 470 486 273 
2 335 55 
3 194 392 277 
3 413 151 278 
0
0
0
0
4 309 793 103 108 
3 520 681 142 
4 442 607 144 26 
0
2 110 562 
0
0
4 5 325 344 504 
4 159 128 71 33 
0
4 242 366 19 339 
2 147 704 
4 47 258 569 503 
0
4 130 522 741 792 
4 405 457 74 432 
3 573 225 316 
0
3 591 93 342 
3 30 165 456 
2 489 253 
0
0
0
0
0
0
2 320 530 
4 13 568 45 416 
0
0
0
4 716 709 497 267 
1 208 
0
2 459 539 
1 89 
4 389 394 127 638 
3 652 171 86 
2 695 353 
2 585 169 
3 477 257 621 
2 271 466 
1 730 
0
4 494 560 4 662 
0
3 374 181 233 
4 332 527 668 97 
0
1 769 
0
0
0
0
0
0
3 453 259 475 
4 241 370 531 669 
4 315 157 196 167 
0
4 373 727 116 249 
2 516 209 
0
2 498 94 
4 512 347 554 661 
0
1 663 
4 423 139 595 177 
0
0
4 64 314 111 547 
4 665 328 566 450 
0
0
0
0
1 451 
0
0
3 549 571 100 
4 706 81 283 651 
3 377 154 31 
1 149 
1 511 
3 102 62 381 
2 358 462 
0
4 480 285 578 396 
0
0
0
3 440 509 63 
0
0
4 122 1 104 641 
1 613 
4 218 524 441 658 
4 565 219 299 180 
0
4 713 608 359 778 
0
2 710 8 
0
3 795 492 756 
0
3 369 794 630 
3 670 433 482 
0
0
1 748 
4 443 690 155 198 
2 276 617 
0
0
4 289 696 594 48 
0
3 656 752 685 
4 261 647 182 672 
0
1 210 
2 574 535 
4 164 288 197 779 
2 771 776 
4 39 468 598 763 
4 40 348 693 582 
0
0
0
0
4 541 118 239 397 
3 717 507 52 
4 580 590 254 767 
4 431 319 264 232 
1 9 
4 321 725 610 427 
1 434 
0
4 313 694 469 38 
4 246 217 614 682 
4 354 395 428 14 
3 759 291 214 
4 495 279 733 143 
0
2 559 362 
0
2 770 471 
1 420 
2 724 222 
3 649 550 790 
0
3 538 56 18 
0
4 2 302 780 540 
1 70 
0
4 153 675 735 318 
4 688 429 588 597 
2 558 292 
4 606 229 25 642 
4 263 266 275 240 
2 419 671 
0
0
0
1 32 
0
1 749 
2 577 425 
0
0
1 301 
0
1 545 
0
0
4 421 67 290 310 
4 666 703 345 152 
0
0
0
3 85 195 612 
1 785 
0
0
4 187 269 548 627 
3 655 563 593 
0
0
4 308 53 160 326 
0
0
0
3 618 193 414 
0
0
0
4 146 628 674 388 
2 553 323 
0
1 393 
4 42 244 138 91 
0
3 270 629 268 
4 626 605 408 534 
0
4 500 88 129 12 
1 134 
0
3 782 737 17 
3 65 543 76 
4 544 745 410 604 
0
4 41 92 213 616 
2 183 75 
0
4 7 189 518 536 
0
4 223 438 744 766 
3 721 334 463 
2 158 404 
0
0
3 137 307 711 
4 78 234 72 305 
4 510 736 555 446 
4 201 406 383 643 
4 256 284 168 528 
0
3 478 602 505 
0
2 473 221 
1 481 
0
0
4 454 461 738 336 
4 226 121 449 529 
0
0
4 156 175 439 84 
4 206 295 758 272 
3 789 131 755 
4 533 581 722 399 
4 484 417 356 15 
4 635 708 192 435 
0
4 220 702 697 583 
0
4 506 205 464 337 
4 124 474 692 764 
1 624 
0
0
1 231 
0
3 623 199 61 
3 678 537 95 
4 51 6 28 382 
1 43 
4 69 714 402 287 
4 247 123 115 712 
0
3 21 365 715 
2 501 22 
0
0
0
3 783 455 750 
4 601 720 732 172 
0
0
4 546 331 586 286 
4 751 640 699 452 
2 330 228 
4 191 660 346 472 
0
0
2 329 689 
3 44 467 567 
3 236 589 179 
2 105 174 
3 178 777 327 
0
4 659 791 493 687 
4 620 502 58 424 
0
0
3 184 243 648 
0
0
4 400 379 304 251 
4 303 46 296 77 
4 653 723 176 444 
0
3 654 126 248 
0
3 350 496 525 
4 787 386 186 485 
1 311 
3 726 788 679 
4 418 603 297 691 
0
2 515 317 
4 487 322 352 306 
0
3 625 141 384 
4 367 27 445 293 
4 87 488 729 107 
4 387 686 371 746 
0
0
1 646 
0
4 447 436 364 768 
4 551 465 483 36 
4 190 743 637 437 
3 596 20 338 
4 707 705 592 117 
0
4 476 609 664 343 
0
3 148 59 212 
4 556 73 357 786 
0
0
0
1 639 
3 572 170 162 
2 282 380 
0
1 676 
0
0
0
4 23 391 631 281 
3 125 204 599 
4 113 684 557 224 
3 390 250 109 
4 683 188 784 82 
2 757 587 
0
4 698 274 280 490 
1 150 
4 409 324 340 312 
0
2 245 3 
3 79 385 16 
3 398 633 772 
2 66 83 
1 521 
4 90 207 375 294 
0
0
2 519 673 
4 760 112 235 237 
0
0
4 579 564 252 54 
0
4 491 644 701 372 
4 163 202 426 514 
0
4 775 11 10 781 
