-89454.06
3 282 307 104 
4 354 192 283 327 
4 23 59 568 422 
4 585 743 531 525 
3 510 524 425 
3 613 639 310 
4 349 407 704 555 
4 122 499 364 382 
0
4 69 128 566 177 
0
1 394 
1 393 
4 606 370 741 77 
3 769 291 498 
4 164 147 532 397 
2 178 176 
2 367 355 
4 158 623 736 548 
4 495 633 492 172 
4 41 202 479 719 
2 516 209 
3 335 401 723 
4 740 71 513 764 
2 706 455 
3 418 21 173 
3 431 1 758 
4 159 67 290 166 
4 770 550 19 346 
0
4 241 360 507 74 
4 157 25 642 781 
3 500 406 403 
1 98 
3 487 607 297 
0
4 645 154 470 254 
2 721 316 
0
3 263 347 448 
3 494 791 686 
1 724 
0
2 298 339 
0
2 626 55 
3 246 257 112 
3 133 590 483 
4 596 363 371 272 
4 655 334 535 540 
3 508 420 12 
0
3 409 554 18 
2 560 83 
0
4 90 207 213 144 
3 93 28 86 
0
0
4 39 331 648 300 
0
3 629 542 416 
0
0
2 141 677 
0
2 88 794 
4 30 491 589 472 
2 670 696 
2 49 586 
3 92 366 773 
0
3 685 441 658 
3 160 622 672 
2 118 636 
0
3 423 61 570 
0
0
0
3 558 125 530 
0
4 447 453 197 182 
2 314 338 
0
4 454 788 304 286 
1 208 
1 301 
4 226 605 630 388 
4 478 32 502 10 
4 374 181 652 275 
4 771 169 114 82 
0
0
2 656 161 
4 373 391 753 138 
1 730 
1 63 
1 662 
0
0
3 787 576 466 
0
0
0
0
0
0
3 106 288 33 
0
3 440 156 135 
0
4 124 474 578 450 
0
4 320 175 755 152 
0
3 11 468 768 
4 113 184 17 617 
1 720 
4 183 581 411 687 
1 663 
3 239 259 238 
3 710 635 66 
4 556 537 31 14 
0
0
0
0
4 110 562 615 463 
0
4 654 390 378 267 
3 146 571 100 
0
0
4 225 643 115 318 
4 405 765 738 336 
3 777 262 481 
1 511 
4 759 379 471 604 
3 506 415 269 
4 387 333 790 514 
0
2 520 776 
0
0
1 504 
3 678 324 766 
4 512 137 631 701 
0
0
2 634 593 
4 553 187 140 699 
3 44 601 426 
1 29 
0
4 600 219 693 240 
0
4 35 204 599 232 
4 120 695 233 368 
3 369 689 340 
0
0
0
0
4 215 323 200 712 
4 527 194 392 337 
4 191 439 62 372 
0
3 289 461 528 
1 328 
0
4 34 330 211 343 
3 398 436 637 
3 210 72 446 
0
4 274 235 107 778 
0
0
0
4 193 464 143 583 
2 688 772 
4 79 467 231 167 
4 552 375 281 767 
4 538 155 742 359 
4 7 189 58 718 
0
4 684 671 109 529 
2 190 6 
4 734 557 437 452 
2 50 46 
0
4 698 657 170 680 
3 217 614 732 
0
2 201 521 
2 386 365 
0
1 748 
4 760 322 52 214 
3 313 261 647 
3 218 522 237 
0
0
0
2 434 196 
1 341 
4 2 708 299 582 
4 321 725 395 747 
4 3 493 410 80 
0
4 9 56 526 216 
3 728 309 429 
2 427 534 
0
4 51 713 121 116 
0
0
0
1 408 
0
0
0
1 153 
0
4 618 27 345 779 
0
1 545 
0
3 315 666 70 
4 271 260 664 89 
2 465 469 
0
0
2 646 610 
3 284 584 523 
4 329 126 517 632 
0
0
4 789 151 692 627 
4 716 96 509 644 
0
0
2 667 564 
0
2 255 430 
4 573 243 230 265 
1 253 
4 754 380 312 624 
0
0
0
4 775 362 722 435 
4 591 195 102 669 
4 628 22 715 287 
0
2 561 280 
4 270 60 681 142 
0
2 13 673 
4 185 188 485 26 
2 134 744 
2 749 737 
3 565 608 592 
4 65 733 38 547 
4 130 119 594 94 
4 40 302 503 37 
1 569 
0
0
0
0
4 782 457 326 162 
3 476 505 356 
0
4 551 42 793 108 
1 24 
1 149 
0
0
0
3 488 729 756 
1 87 
4 480 85 357 444 
0
1 165 
4 256 665 319 97 
3 459 714 703 
4 533 563 139 352 
3 751 518 264 
3 501 171 424 
4 223 449 475 651 
0
0
0
4 541 727 95 432 
3 574 588 597 
1 726 
2 580 221 
0
4 443 484 460 136 
0
4 421 258 750 268 
4 473 348 417 780 
0
0
2 244 381 
0
1 705 
0
0
4 577 640 746 763 
0
4 358 285 682 54 
0
4 47 247 123 792 
1 679 
3 163 707 536 
2 650 68 
0
0
4 783 621 84 15 
0
0
0
2 20 785 
4 419 745 661 227 
3 603 702 273 
0
0
4 148 205 486 595 
1 717 
0
3 236 222 641 
4 206 579 279 250 
0
0
0
3 292 675 735 
0
4 572 438 428 117 
0
4 683 575 43 45 
0
3 400 442 251 
4 332 303 762 638 
3 625 389 16 
0
4 653 456 342 396 
3 413 174 700 
4 739 795 111 179 
4 611 351 186 616 
1 311 
2 276 376 
1 477 
0
0
0
3 99 752 660 
4 64 462 496 198 
0
0
0
0
4 602 609 598 490 
0
0
0
3 774 350 101 
0
4 731 353 399 691 
4 539 458 543 277 
0
4 132 131 612 697 
4 757 78 668 224 
1 489 
4 659 229 81 786 
0
1 649 
2 199 103 
1 519 
4 242 145 234 296 
3 559 220 515 
2 73 127 
1 676 
0
0
0
0
0
0
1 451 
4 549 129 414 76 
3 761 587 384 
4 619 404 344 91 
4 620 325 784 249 
1 150 
3 377 8 228 
2 544 694 
0
3 5 433 482 
4 53 212 252 180 
3 308 385 75 
1 48 
4 690 203 402 294 
0
2 412 248 
3 445 293 36 
4 361 57 383 674 
1 305 
0
0
4 245 266 567 278 
2 295 168 
4 546 4 711 306 
4 105 709 497 317 
0
