-101533.37
0
1 341 
0
3 453 395 197 
0
0
2 520 322 
3 195 668 692 
4 132 217 574 81 
3 386 403 639 
1 89 
3 558 587 353 
4 709 334 264 540 
2 49 31 
4 41 330 486 410 
0
3 431 599 336 
4 367 438 340 312 
4 163 6 269 548 
4 654 126 637 437 
1 258 
2 35 209 
0
4 159 128 71 741 
0
0
4 361 470 702 444 
4 564 109 475 76 
0
0
4 401 200 252 766 
4 69 695 58 326 
0
3 218 1 719 
4 276 723 149 547 
0
4 552 776 699 450 
1 604 
0
3 358 684 61 
0
3 724 168 84 
4 321 357 74 306 
0
0
3 55 607 12 
2 335 292 
2 783 133 
4 351 745 528 624 
0
4 236 612 262 511 
4 667 633 344 142 
3 752 708 280 
0
0
4 145 590 144 26 
0
1 670 
3 59 536 399 
0
4 645 11 121 100 
3 660 792 416 
0
4 374 688 366 648 
4 130 614 535 523 
1 199 
0
4 30 266 492 337 
4 7 409 663 664 
4 739 499 638 232 
0
4 775 391 578 268 
0
4 207 608 742 715 
4 118 160 610 294 
0
4 148 220 629 435 
0
0
2 73 233 
0
0
0
4 332 285 700 758 
0
4 538 140 378 180 
0
0
3 771 137 25 
4 690 253 445 293 
4 579 27 166 117 
0
4 113 462 116 224 
0
3 459 740 112 
3 398 436 460 
2 542 368 
0
4 184 560 316 622 
4 234 230 77 177 
1 705 
3 256 527 228 
0
0
0
0
2 153 703 
0
0
0
0
3 478 110 325 
3 88 518 513 
0
0
0
0
4 480 522 644 701 
4 559 242 239 345 
0
4 447 666 422 287 
4 683 13 60 674 
3 421 274 777 
0
4 405 721 609 136 
0
4 495 465 171 735 
3 434 615 408 
0
4 619 3 479 464 
4 270 571 250 451 
3 546 507 283 
4 620 508 466 773 
2 5 314 
4 400 379 636 441 
0
2 319 481 
3 484 617 48 
4 102 428 14 763 
4 585 650 681 504 
2 769 291 
4 246 476 75 94 
0
0
4 349 407 70 651 
3 440 156 364 
3 196 296 172 
4 255 753 251 38 
1 161 
3 549 784 249 
4 770 331 52 327 
0
0
4 24 186 679 525 
0
3 229 458 237 
4 190 165 175 342 
0
0
2 261 380 
0
0
0
0
4 64 223 127 738 
0
0
4 551 635 29 259 
2 289 328 
0
2 257 685 
1 672 
4 553 727 733 86 
1 210 
0
2 539 567 
3 761 561 135 
4 580 151 222 669 
3 181 772 91 
0
0
0
1 519 
4 315 93 22 514 
4 789 576 736 586 
0
3 643 18 37 
2 9 509 
3 39 363 382 
3 795 114 372 
0
1 477 
0
2 354 496 
4 759 488 696 346 
0
4 713 243 273 534 
4 671 414 15 748 
2 566 277 
1 98 
3 226 370 693 
4 782 375 555 182 
3 205 134 712 
0
3 284 307 425 
0
2 2 461 
4 787 188 20 785 
0
2 185 202 
0
0
4 146 657 10 54 
4 263 347 68 33 
3 419 348 417 
3 618 557 265 
0
0
4 625 141 482 627 
0
0
0
4 596 665 729 97 
0
1 301 
0
0
3 710 247 4 
3 573 225 631 
4 774 50 554 115 
2 203 152 
4 565 765 682 781 
0
4 350 628 485 80 
3 85 123 176 
4 57 66 338 388 
1 584 
0
4 443 124 423 397 
0
0
0
0
2 754 471 
2 320 430 
4 572 189 505 718 
1 673 
0
0
0
0
3 506 717 323 
4 501 426 592 583 
1 393 
1 734 
2 487 640 
0
4 626 288 82 452 
4 383 732 756 381 
4 99 204 630 641 
2 282 642 
2 749 737 
4 544 694 254 764 
3 725 517 687 
3 606 760 646 
0
3 569 503 570 
0
0
2 40 404 
0
3 187 56 286 
2 751 689 
4 231 697 597 305 
0
0
3 208 333 786 
0
4 387 365 543 446 
0
0
4 53 392 63 240 
4 473 502 111 632 
0
3 164 360 661 
3 556 647 173 
0
2 577 304 
0
0
0
0
0
4 34 406 103 272 
4 120 279 193 529 
3 178 298 339 
4 726 524 439 62 
4 271 221 768 143 
0
2 129 162 
0
4 125 613 299 36 
2 442 588 
2 420 526 
3 23 376 138 
0
0
0
4 51 512 675 278 
0
0
3 500 295 448 
1 238 
2 79 65 
4 131 235 107 318 
3 562 589 311 
1 730 
3 96 532 297 
0
4 698 714 167 691 
0
0
0
0
4 533 563 281 227 
3 32 677 747 
0
4 313 390 45 214 
4 418 21 493 658 
0
1 324 
0
3 728 655 530 
4 106 634 515 744 
4 377 791 686 275 
1 303 
4 260 384 359 778 
4 653 46 595 490 
0
4 241 183 101 463 
4 656 581 704 402 
4 105 510 474 139 
0
4 206 191 457 594 
2 412 497 
3 591 385 550 
4 491 212 780 343 
4 541 170 356 767 
2 731 8 
4 678 456 755 779 
3 494 605 616 
0
4 611 623 302 211 
4 201 169 155 95 
0
3 309 531 108 
0
1 194 
4 575 652 711 267 
3 369 794 198 
3 87 147 67 
4 516 706 762 746 
0
4 215 468 371 216 
2 119 424 
0
0
3 329 219 449 
0
0
3 707 248 680 
0
3 174 568 498 
2 16 790 
4 308 489 429 317 
0
0
1 649 
4 92 213 19 472 
2 310 545 
0
3 413 743 104 
3 44 601 720 
3 373 537 676 
0
4 47 793 483 179 
0
0
0
3 362 290 662 
0
1 582 
3 389 394 192 
0
2 467 355 
1 150 
4 454 455 750 396 
4 659 602 411 427 
3 122 603 593 
3 158 433 72 
0
4 90 154 621 83 
1 521 
0
0
3 157 469 598 
4 716 42 17 722 
2 600 43 
4 757 78 244 300 
0
0
2 245 788 
0
2 352 432 
0
2 415 28 
