-98818.96
4 153 675 299 33 
1 341 
0
4 44 128 554 661 
0
0
3 362 269 548 
4 124 563 425 336 
3 184 629 352 
3 188 615 697 
4 690 753 294 89 
4 645 154 561 135 
0
0
4 710 390 27 617 
0
4 659 576 776 598 
2 565 119 
0
3 460 682 117 
4 577 66 31 343 
4 759 225 316 422 
0
3 361 325 594 
4 51 600 121 631 
0
3 50 411 523 
0
0
2 206 623 
4 218 522 639 701 
1 695 
0
1 98 
3 373 587 384 
0
0
0
3 87 261 671 
4 360 331 72 691 
0
4 313 740 334 278 
3 774 795 58 
4 99 303 235 227 
4 666 466 735 152 
3 41 734 610 
3 477 678 723 
2 783 133 
0
0
2 508 471 
2 549 720 
3 520 524 638 
0
3 147 67 82 
4 282 380 483 26 
0
2 110 562 
3 717 736 52 
0
4 11 151 264 37 
4 760 107 108 416 
0
3 478 743 248 
0
0
4 611 351 379 410 
3 131 441 792 
2 698 181 
0
4 516 169 641 472 
1 539 
0
2 71 662 
3 335 55 607 
0
4 159 465 703 397 
0
0
4 495 453 171 592 
4 47 791 428 327 
0
2 407 482 
4 314 139 298 238 
0
4 187 497 281 452 
0
1 301 
2 684 61 
4 480 57 605 498 
2 709 355 
3 665 729 692 
4 217 468 704 18 
0
4 556 531 604 372 
4 367 509 772 142 
1 730 
1 63 
4 635 186 485 318 
4 106 527 194 317 
1 374 
0
0
2 683 769 
0
4 473 212 166 582 
0
0
1 386 
4 443 165 279 705 
0
4 751 613 353 399 
4 64 721 550 732 
0
1 364 
3 787 502 19 
0
4 271 614 326 632 
3 667 637 91 
0
4 654 96 127 597 
4 489 711 311 432 
0
0
4 120 24 383 344 
0
4 775 59 103 756 
0
4 510 474 83 94 
3 190 369 609 
0
4 85 784 345 86 
1 338 
4 39 707 693 179 
3 122 21 668 
0
2 350 173 
1 511 
2 102 62 
4 553 391 571 378 
4 377 601 243 22 
4 246 276 438 224 
0
0
0
3 620 406 221 
3 546 170 38 
4 354 794 197 779 
3 219 664 172 
2 650 233 
2 125 395 
1 447 
0
1 29 
0
2 626 8 
0
2 599 232 
0
4 559 220 17 310 
0
0
0
0
1 393 
4 789 183 429 272 
0
0
1 481 
1 328 
2 257 685 
1 672 
3 398 16 648 
1 210 
4 533 487 204 679 
4 284 486 249 368 
4 387 788 507 450 
2 401 116 
0
0
0
0
1 253 
3 23 93 138 
4 405 457 517 265 
3 580 363 259 
2 141 496 
4 9 56 555 540 
3 242 370 644 
3 656 434 196 
0
4 201 330 307 680 
0
1 402 
1 48 
0
1 6 
0
4 488 696 790 514 
4 731 716 647 228 
0
4 724 168 687 748 
4 585 348 768 143 
0
4 771 236 765 280 
0
0
3 255 129 297 
0
2 234 296 
0
4 726 266 408 214 
0
4 263 499 733 337 
3 160 593 293 
4 618 175 780 287 
0
0
1 32 
0
3 749 145 590 
0
4 30 754 43 97 
0
4 309 793 45 177 
0
1 545 
4 247 10 747 267 
0
4 209 646 46 273 
0
4 148 205 755 435 
0
4 459 655 470 702 
0
1 70 
4 226 628 630 766 
0
4 315 157 493 300 
2 579 557 
0
0
1 92 
0
1 430 
4 670 285 568 427 
3 673 578 237 
4 491 439 84 767 
0
0
1 25 
2 761 323 
0
1 663 
4 552 689 525 583 
0
3 42 60 567 
3 421 258 448 
3 745 176 764 
3 572 423 12 
2 134 104 
0
4 292 365 529 763 
3 574 342 773 
4 241 202 640 786 
0
2 1 658 
0
0
2 40 404 
2 189 643 
4 541 289 333 424 
4 321 725 111 547 
1 231 
0
0
3 245 137 584 
0
4 164 602 114 388 
0
1 569 
0
4 146 694 392 504 
0
1 436 
1 319 
2 118 222 
3 596 195 304 
0
1 657 
0
0
4 440 156 155 595 
0
4 320 193 778 36 
3 178 566 15 
0
0
0
4 358 409 537 100 
0
3 161 785 444 
4 575 65 382 54 
3 420 535 262 
4 713 250 252 381 
4 90 302 660 669 
4 7 185 737 722 
0
4 256 752 686 371 
0
4 442 612 115 80 
0
2 130 4 
1 538 
1 719 
4 606 13 123 149 
4 501 290 312 216 
4 308 53 464 446 
0
0
2 479 744 
0
0
0
4 163 20 681 396 
4 757 653 357 586 
2 706 589 
0
0
0
4 782 366 543 76 
0
3 634 375 526 
3 551 73 200 
0
0
4 88 140 95 77 
4 376 251 414 339 
0
4 591 385 530 162 
3 49 492 14 
3 419 564 513 
0
4 500 476 456 622 
4 35 229 458 781 
4 633 324 340 712 
0
4 332 454 469 306 
3 34 347 741 
0
4 400 199 244 616 
0
3 512 461 528 
4 418 603 758 346 
4 728 288 81 542 
0
0
0
3 431 708 230 
3 494 714 777 
4 105 207 403 445 
4 770 652 437 651 
0
3 274 762 746 
4 739 349 621 503 
0
0
4 2 462 192 449 
0
0
0
0
4 413 126 417 144 
4 558 78 636 356 
4 239 109 475 182 
0
0
4 649 536 715 490 
4 191 213 359 534 
4 519 426 275 240 
4 544 560 642 718 
1 515 
4 688 608 74 570 
3 79 467 676 
0
0
0
4 619 518 254 627 
4 158 412 101 750 
4 5 260 532 463 
2 451 268 
4 113 484 203 674 
3 389 505 286 
3 270 174 28 
4 329 322 699 180 
1 150 
2 208 455 
0
2 132 3 
3 215 433 738 
0
2 223 75 
1 521 
3 69 112 588 
0
2 394 136 
3 625 581 68 
4 291 167 277 624 
1 305 
0
2 295 211 
0
0
4 573 727 742 283 
1 700 
4 506 415 677 198 
