-100199.76
0
1 341 
1 253 
1 152 
0
0
0
2 51 740 
4 217 522 136 514 
4 159 635 403 639 
3 690 663 371 
4 271 608 192 283 
4 709 16 100 91 
3 226 737 745 
4 640 742 273 381 
0
4 739 795 664 632 
0
0
4 190 126 637 475 
3 770 652 382 
3 246 754 584 
0
4 386 457 517 763 
4 655 423 168 595 
0
4 122 404 58 312 
0
4 313 6 123 428 
4 361 670 170 764 
4 64 628 679 523 
4 447 695 138 452 
0
2 30 98 
3 157 607 297 
1 63 
0
4 620 406 228 669 
3 671 103 108 
3 559 205 61 
0
3 743 460 275 
4 401 210 95 179 
0
0
0
3 533 220 429 
3 759 133 194 
4 760 646 74 343 
0
3 508 675 19 
1 495 
2 79 322 
0
0
0
0
4 606 562 331 586 
4 789 576 776 699 
0
4 113 484 203 84 
4 660 298 238 416 
0
4 40 225 316 22 
4 573 145 151 445 
1 749 
1 472 
4 413 131 317 318 
3 520 614 280 
0
0
4 387 347 290 701 
1 372 
2 766 177 
1 81 
0
4 329 366 293 36 
0
0
3 398 453 109 
2 706 471 
0
2 407 18 
4 206 295 702 526 
0
4 185 147 56 463 
0
0
3 645 434 25 
4 596 647 755 240 
4 315 649 307 536 
0
3 549 303 681 
0
2 493 746 
3 374 625 462 
4 125 17 269 548 
4 161 762 437 142 
2 560 662 
4 683 734 155 299 
1 705 
4 731 527 590 211 
0
0
0
1 473 
3 153 235 310 
0
0
1 440 
1 504 
2 771 325 
4 358 474 182 339 
0
3 73 27 578 
2 459 55 
0
4 684 71 425 651 
3 667 114 172 
3 183 581 682 
0
1 419 
4 332 274 469 388 
0
2 120 369 
0
3 775 717 468 
4 35 600 563 139 
0
0
3 470 259 451 
4 158 208 696 31 
2 546 466 
4 601 689 525 583 
4 308 379 365 779 
0
4 319 224 262 481 
3 118 532 326 
4 132 769 186 410 
3 650 723 306 
4 572 285 200 14 
0
0
2 668 535 
4 558 292 455 750 
4 633 324 444 368 
3 196 296 77 
3 110 121 631 
2 146 264 
2 390 127 
3 276 438 12 
0
0
1 29 
0
4 199 244 616 272 
2 175 162 
3 354 492 528 
0
3 713 724 359 
0
0
0
1 107 
4 443 476 129 738 
4 659 282 708 340 
0
4 181 704 402 687 
0
1 511 
3 685 485 641 
1 672 
4 757 59 629 52 
3 591 385 550 
0
0
3 561 135 450 
4 654 539 4 711 
3 580 707 772 
3 467 509 543 
0
0
1 545 
4 148 93 344 86 
4 189 140 735 227 
0
0
2 9 567 
4 575 65 732 712 
4 666 507 72 37 
0
0
0
0
4 256 284 111 214 
0
2 348 33 
1 362 
3 488 729 80 
0
0
4 577 243 786 624 
4 510 28 278 94 
0
0
0
4 2 119 230 287 
1 70 
0
3 32 10 719 
0
0
1 623 
0
4 421 53 160 593 
4 223 531 249 268 
0
1 330 
4 241 602 101 286 
0
4 105 207 213 630 
0
3 783 1 97 
4 39 571 424 267 
4 309 793 254 76 
0
0
2 247 392 
3 725 677 604 
4 480 50 222 570 
4 465 134 513 547 
3 565 502 790 
0
4 487 204 588 529 
2 349 643 
4 184 66 785 352 
0
0
0
4 260 456 281 534 
0
0
1 92 
3 99 653 530 
2 618 430 
3 716 519 46 
1 673 
0
2 215 221 
0
2 351 692 
2 553 323 
4 373 334 610 540 
1 393 
2 552 458 
0
2 321 720 
4 494 605 661 592 
4 106 209 363 104 
2 169 644 
0
0
3 710 694 642 
4 34 603 554 427 
4 698 367 794 674 
0
1 569 
0
0
0
3 433 733 715 
2 20 338 
3 255 497 777 
2 231 167 
2 551 67 
2 47 24 
2 454 788 
0
1 320 
0
0
4 782 370 741 792 
4 5 678 193 397 
0
2 436 364 
0
2 405 266 
3 431 137 304 
4 377 258 718 336 
0
0
0
0
0
0
2 178 176 
4 626 512 328 251 
0
0
0
0
4 613 75 45 180 
0
4 263 420 464 15 
4 174 212 166 301 
0
3 7 350 357 
0
4 335 288 441 747 
0
1 448 
0
4 544 96 68 345 
4 279 248 680 216 
0
2 314 589 
2 501 482 
1 42 
0
4 477 257 375 422 
4 787 442 479 758 
3 619 88 609 
3 556 8 636 
0
3 163 736 408 
4 154 250 38 432 
4 218 524 439 62 
4 191 102 149 346 
1 418 
2 270 414 
2 409 353 
0
4 236 486 555 337 
3 500 239 744 
0
4 11 219 171 598 
4 541 721 518 617 
0
0
4 130 727 594 117 
3 49 378 327 
4 69 128 566 277 
0
4 774 634 700 498 
4 41 229 380 54 
3 376 703 446 
0
4 141 693 265 490 
0
4 726 289 333 638 
1 658 
2 311 48 
2 611 714 
4 21 173 342 396 
2 516 195 
4 360 252 778 748 
0
2 656 752 
4 585 60 496 300 
4 491 411 294 89 
4 87 165 564 483 
4 665 612 697 597 
0
2 187 505 
4 85 621 503 627 
0
0
1 391 
0
4 657 574 461 237 
0
0
4 728 188 615 542 
4 78 568 197 435 
4 23 57 765 449 
3 499 753 756 
1 730 
2 389 355 
0
0
3 124 233 773 
4 90 156 417 144 
3 44 791 686 
4 478 412 537 676 
0
2 202 43 
0
3 557 622 582 
0
3 261 395 781 
0
4 242 383 356 767 
3 761 587 384 
0
3 394 116 198 
1 150 
4 751 112 599 232 
4 579 722 399 691 
2 245 3 
4 538 688 426 768 
0
4 13 515 780 83 
2 201 521 
0
0
4 400 302 234 648 
2 164 489 
3 291 115 26 
2 143 305 
0
0
0
0
0
0
4 506 415 784 82 
