-88727.74
4 309 304 251 150 
0
3 419 174 29 
4 495 633 643 595 
4 561 637 326 265 
0
3 546 507 283 
0
4 261 195 254 786 
0
1 89 
0
4 709 550 687 583 
0
4 406 291 344 91 
0
2 739 366 
4 315 415 395 197 
2 573 404 
0
2 710 288 
3 431 137 589 
0
2 783 363 
4 706 471 317 94 
0
3 113 350 378 
4 500 50 429 294 
4 728 554 179 80 
4 774 351 640 732 
4 204 674 301 117 
3 218 522 578 
4 740 71 33 672 
4 360 178 566 514 
2 487 689 
0
0
2 754 636 
3 308 565 151 
3 34 295 448 
0
4 271 88 140 682 
0
3 333 517 84 
0
3 260 532 97 
4 556 581 230 346 
4 194 392 14 624 
0
0
1 21 
0
4 7 285 28 738 
3 734 250 83 
2 205 136 
4 51 527 479 26 
4 645 695 116 692 
0
4 120 713 365 768 
2 434 356 
1 367 
0
0
0
0
0
2 236 648 
2 30 3 
4 698 11 322 548 
1 232 
0
0
0
0
4 606 263 603 616 
2 190 126 
4 369 468 664 77 
0
0
4 73 537 681 779 
0
0
0
3 314 593 691 
4 413 131 612 669 
2 32 56 
1 788 
4 667 175 604 36 
3 558 274 785 
4 577 628 679 293 
0
3 620 462 482 
4 394 784 264 427 
0
4 208 455 777 528 
3 580 457 192 
1 730 
1 63 
4 358 67 107 778 
4 749 370 259 182 
1 440 
1 330 
0
2 106 769 
0
3 619 727 100 
4 6 68 237 472 
0
0
4 541 165 279 705 
0
1 549 
4 373 474 426 598 
0
0
1 623 
4 387 696 399 305 
0
3 42 221 142 
0
4 9 203 555 435 
4 78 243 699 238 
4 684 673 211 523 
0
4 409 711 372 432 
4 665 328 428 396 
2 775 609 
4 246 770 316 176 
4 575 497 498 339 
0
1 663 
4 5 678 736 31 
3 454 466 227 
4 789 186 485 582 
4 626 791 469 452 
2 447 161 
3 461 680 481 
2 311 48 
1 133 
2 585 650 
0
0
4 40 379 196 22 
0
4 377 112 235 312 
4 553 571 127 475 
4 477 484 135 408 
0
4 255 129 638 627 
4 169 557 340 267 
3 313 202 668 
2 504 76 
0
4 613 200 345 748 
2 405 25 
0
0
1 402 
0
4 559 59 290 662 
0
4 361 55 765 337 
0
0
0
3 421 154 324 
0
0
1 289 
1 511 
1 685 
0
4 412 456 441 162 
4 398 453 171 543 
0
2 39 65 
2 652 450 
4 390 530 622 712 
1 772 
2 215 776 
0
0
3 239 414 545 
2 163 183 
3 189 16 52 
0
0
4 761 587 233 451 
0
2 226 244 
3 185 66 586 
3 656 752 493 
0
4 354 723 750 336 
0
4 688 568 281 767 
0
0
4 759 488 607 526 
0
4 459 655 407 492 
0
0
0
4 284 17 109 86 
1 341 
1 152 
0
3 184 700 503 
0
3 467 210 733 
0
3 110 614 445 
0
3 90 362 212 
4 782 737 745 444 
0
0
4 478 690 564 297 
0
4 207 403 382 177 
0
4 132 153 675 639 
0
4 683 282 102 588 
0
1 253 
4 247 518 464 540 
3 64 476 693 
3 292 599 542 
3 510 574 143 
0
4 465 486 661 180 
4 579 155 299 766 
4 85 438 718 764 
0
0
0
0
3 241 225 630 
0
0
4 92 213 95 570 
0
3 506 385 430 
2 391 353 
4 206 118 357 697 
0
0
3 335 647 228 
4 600 219 359 388 
2 531 172 
4 443 147 334 224 
1 393 
4 23 653 708 437 
4 539 458 371 300 
3 270 720 592 
3 159 793 45 
1 383 
4 516 124 470 12 
2 760 134 
0
0
4 544 128 43 744 
4 130 121 631 535 
0
3 521 1 658 
2 82 416 
0
3 670 615 18 
0
3 20 19 632 
0
3 231 296 306 
4 602 384 74 343 
2 494 24 
1 149 
0
4 618 193 249 368 
0
1 569 
4 99 501 75 108 
2 572 433 
0
2 436 364 
2 41 677 
4 217 703 397 327 
4 245 266 735 38 
0
3 329 489 139 
3 223 10 719 
0
0
4 13 671 103 272 
4 321 725 496 525 
2 533 649 
0
4 635 722 594 597 
0
4 591 156 753 287 
0
4 258 410 198 268 
4 386 605 72 651 
4 256 524 439 62 
0
2 160 278 
4 79 8 702 167 
0
3 276 505 424 
0
4 724 168 286 534 
4 105 2 302 660 
0
1 320 
0
4 201 721 123 342 
3 717 331 280 
0
0
0
0
4 164 325 704 298 
4 659 375 115 318 
0
0
4 716 601 629 240 
4 787 188 4 756 
4 191 307 758 214 
4 257 380 483 747 
3 654 743 460 
3 187 536 37 
0
4 634 515 104 54 
0
0
0
2 122 646 
0
0
0
3 795 248 352 
4 96 509 644 701 
2 49 111 
4 47 442 762 763 
4 332 303 686 273 
1 446 
0
0
3 512 347 222 
1 584 
3 508 420 780 
3 35 145 173 
3 611 401 376 
1 418 
0
0
0
0
4 625 323 114 781 
4 141 794 138 15 
4 87 209 319 166 
3 400 199 61 
4 751 657 563 411 
4 473 502 58 529 
0
0
0
2 694 449 
0
3 731 423 641 
4 707 27 741 792 
0
3 596 101 422 
4 158 349 642 463 
0
4 726 499 610 746 
0
4 146 560 621 755 
2 229 144 
1 519 
3 69 666 70 
0
4 44 552 348 417 
3 374 181 676 
0
0
0
0
4 771 562 170 715 
0
0
4 125 60 567 275 
3 389 355 742 
0
4 148 93 425 490 
0
0
4 98 729 513 547 
2 551 714 
0
0
4 234 790 262 381 
0
4 242 576 81 773 
0
2 157 338 
0
4 480 57 590 252 
2 520 119 
2 608 310 
0
0
3 491 46 277 
3 538 53 269 
0
4 757 220 617 216 
