-100041.63
4 106 209 319 622 
3 533 474 411 
0
3 135 359 152 
0
0
2 572 189 
4 447 258 593 293 
4 728 706 455 38 
3 551 671 744 
4 454 307 104 712 
3 389 376 555 
4 185 147 681 142 
0
4 90 8 640 526 
0
2 770 316 
4 761 129 115 117 
1 736 
4 190 126 155 437 
0
2 333 492 
0
3 174 700 498 
4 159 128 109 237 
0
3 206 350 557 
0
0
0
4 215 401 378 747 
2 93 197 
0
1 98 
4 487 375 18 76 
0
0
4 620 330 479 758 
2 749 793 
3 558 220 61 
3 247 518 578 
1 724 
4 5 484 517 525 
0
2 387 365 
4 459 667 203 630 
2 783 112 
4 759 395 317 318 
2 423 568 
0
4 508 729 475 240 
4 320 140 116 249 
2 431 322 
0
1 367 
4 690 68 33 26 
3 124 470 463 
3 110 562 31 
2 72 446 
0
4 789 183 438 281 
4 34 302 660 416 
0
2 737 366 
4 35 675 371 632 
4 575 380 483 179 
0
2 131 235 
4 670 524 750 786 
0
0
3 113 684 689 
1 246 
4 559 207 608 74 
2 118 753 
0
4 500 634 629 177 
0
0
4 73 334 513 267 
4 256 412 530 503 
0
0
3 295 610 343 
0
4 577 243 594 36 
0
4 683 360 45 748 
0
1 314 
3 573 223 384 
3 652 772 86 
4 506 59 212 397 
0
1 493 
1 65 
1 730 
0
1 662 
4 199 234 52 540 
4 374 510 173 342 
1 604 
0
0
0
0
0
0
0
0
0
4 101 176 294 583 
2 88 505 
0
1 364 
2 184 228 
0
4 130 363 639 701 
4 358 409 114 108 
0
2 760 468 
4 69 67 103 216 
4 377 274 607 641 
0
1 325 
4 665 196 697 94 
2 565 219 
2 546 170 
0
4 619 571 768 143 
0
4 771 266 171 424 
4 292 466 95 547 
4 544 161 566 227 
4 659 740 677 719 
0
3 731 208 328 
4 244 251 312 48 
1 102 
4 645 709 210 100 
4 787 657 507 790 
4 121 200 692 767 
0
0
0
3 440 649 233 
4 516 218 522 340 
3 255 496 265 
4 146 723 428 514 
4 618 644 718 37 
2 332 55 
0
0
4 29 211 198 452 
0
3 370 97 381 
0
0
0
3 261 4 310 
0
0
0
0
2 181 733 
4 774 50 448 297 
3 521 1 107 
4 42 720 63 779 
4 201 289 461 382 
1 511 
1 685 
0
3 78 702 167 
4 478 600 727 705 
0
0
2 321 776 
4 549 574 469 592 
3 175 485 766 
3 576 458 543 
0
0
1 253 
4 698 465 708 230 
4 717 331 648 432 
0
0
1 393 
4 725 663 664 77 
3 556 434 612 
0
4 678 204 703 756 
0
2 795 586 
4 491 71 741 372 
4 688 134 224 91 
0
2 308 362 
4 751 221 482 214 
3 418 347 12 
4 361 527 668 680 
4 782 605 298 238 
3 242 186 138 
0
3 284 168 356 
3 488 696 341 
4 2 502 58 597 
4 421 666 70 715 
0
4 132 153 420 780 
0
2 398 714 
2 646 338 
2 282 43 
1 160 
0
0
0
4 163 145 617 286 
0
2 254 542 
0
3 400 628 410 
1 44 
1 301 
0
1 545 
1 6 
4 271 636 755 14 
4 476 353 396 89 
4 443 165 564 82 
4 315 205 28 738 
0
1 762 
2 354 643 
4 313 386 66 84 
0
0
4 79 157 25 344 
4 122 169 704 15 
0
0
1 92 
0
3 625 141 430 
4 120 713 429 781 
2 673 290 
3 754 661 277 
0
0
0
3 654 655 323 
2 263 462 
1 415 
1 734 
0
4 23 561 417 414 
4 51 635 383 616 
4 57 745 595 651 
0
0
2 13 75 
4 47 694 299 529 
4 603 554 402 427 
4 596 752 46 296 
0
1 658 
0
0
2 40 404 
0
3 32 56 422 
0
2 231 162 
0
1 24 
1 149 
0
4 467 193 345 339 
0
0
4 494 613 278 778 
3 39 357 399 
4 217 178 588 691 
1 436 
1 481 
0
4 606 369 647 304 
0
2 391 139 
0
0
0
0
4 585 609 136 435 
0
0
2 495 279 
0
4 757 125 537 192 
0
2 390 127 
0
1 624 
3 480 85 250 
3 457 273 472 
4 7 650 567 450 
0
4 611 623 225 679 
0
1 151 
3 486 674 534 
3 96 123 764 
4 156 248 687 368 
3 99 587 682 
4 21 439 311 763 
3 501 239 464 
4 601 426 504 182 
0
4 477 257 10 54 
0
4 552 707 693 172 
3 419 791 471 
0
4 716 695 20 785 
3 541 499 408 
0
4 191 213 22 528 
3 335 303 326 
2 270 392 
0
0
3 236 584 746 
0
0
1 615 
4 405 721 27 445 
4 520 119 699 598 
0
3 653 536 627 
4 49 589 777 262 
4 775 53 17 275 
0
2 442 642 
4 739 229 111 523 
4 591 385 509 425 
0
0
1 41 
1 11 
0
3 137 614 222 
4 726 788 686 388 
0
3 226 309 288 
2 150 180 
0
1 194 
2 283 287 
0
4 87 769 403 166 
4 656 9 794 535 
0
4 195 765 773 672 
4 710 539 563 264 
0
0
0
0
0
0
0
4 413 348 531 272 
4 64 260 550 732 
2 329 489 
0
0
3 631 300 490 
0
1 519 
0
3 30 406 515 
4 453 259 451 268 
2 154 433 
0
3 602 532 144 
0
4 164 743 460 449 
0
4 241 202 590 711 
0
3 473 60 735 
4 553 187 16 742 
4 580 133 569 582 
2 276 355 
0
4 351 379 599 327 
4 579 637 638 232 
2 245 3 
4 538 633 324 669 
0
3 560 621 83 
4 626 456 441 346 
4 188 676 352 570 
3 285 269 336 
4 394 784 252 80 
2 373 581 
3 291 19 792 
4 722 548 444 305 
0
0
0
0
4 158 349 407 280 
4 105 512 81 337 
4 148 497 62 306 
