-89877.89
0
1 341 
4 655 652 171 359 
2 440 156 
0
4 148 93 463 91 
4 323 531 372 432 
4 5 678 532 45 
4 659 457 278 339 
4 683 309 348 250 
3 646 702 764 
3 163 628 777 
4 271 349 470 513 
4 377 694 4 598 
4 626 73 714 138 
3 44 565 686 
4 670 285 375 14 
4 329 489 253 259 
4 158 491 269 548 
4 667 114 82 152 
4 313 600 1 54 
4 315 527 486 273 
0
0
4 354 16 682 778 
0
4 401 395 622 94 
4 386 403 371 570 
4 728 133 590 756 
3 740 502 594 
4 512 121 116 297 
4 367 497 356 435 
0
2 30 98 
4 443 147 155 167 
4 688 640 72 15 
4 226 550 74 306 
0
1 416 
3 783 347 448 
4 541 219 382 267 
3 159 128 703 
4 120 96 230 547 
0
0
0
0
3 194 566 651 
3 13 671 103 
0
4 508 319 414 214 
1 495 
3 447 695 536 
4 605 643 281 691 
4 585 650 233 504 
0
0
2 522 638 
1 717 
0
4 374 181 355 424 
0
0
3 146 666 22 
3 185 360 492 
0
0
3 131 251 150 
3 387 696 586 
0
0
2 122 266 
4 99 795 456 441 
3 90 9 129 
4 611 118 636 12 
0
4 69 27 312 36 
0
4 8 71 741 172 
4 453 784 397 767 
4 606 791 607 616 
0
3 407 111 525 
2 314 648 
0
1 32 
1 788 
1 301 
2 85 316 
4 726 603 139 697 
4 645 11 112 762 
0
0
0
2 493 746 
2 415 28 
1 730 
4 320 56 344 475 
4 23 391 693 427 
4 61 83 108 748 
1 705 
0
0
0
0
3 473 571 699 
0
0
0
0
0
2 620 325 
0
0
1 364 
0
0
4 55 307 445 523 
4 506 649 518 109 
4 145 102 428 627 
1 663 
4 207 234 296 763 
4 752 569 503 528 
0
4 241 576 58 781 
0
4 549 727 704 687 
0
4 113 88 794 632 
0
3 215 461 451 
0
0
2 593 293 
0
0
1 149 
2 179 48 
0
4 709 193 464 446 
4 739 484 460 408 
0
0
0
0
2 164 126 
2 454 455 
4 558 546 466 735 
3 263 562 170 
1 390 
4 41 721 248 396 
3 40 66 661 
4 633 127 107 712 
1 29 
0
2 641 472 
0
1 402 
0
0
0
0
0
4 308 292 785 595 
0
4 544 243 732 343 
4 759 202 151 222 
3 551 42 578 
0
1 511 
2 257 685 
0
4 187 274 196 555 
0
3 574 599 232 
0
3 79 587 384 
4 613 200 249 268 
0
0
0
0
1 545 
4 270 720 275 766 
4 242 689 437 227 
3 247 20 681 
4 575 101 340 388 
3 136 182 672 
4 494 379 469 240 
3 556 434 25 
0
2 770 338 
0
0
0
0
0
1 362 
0
3 246 217 471 
2 223 517 
1 724 
3 789 745 84 
0
0
0
4 2 557 680 216 
4 577 366 283 337 
0
4 488 729 692 37 
4 467 509 644 597 
4 459 161 507 19 
4 132 153 365 529 
4 34 769 291 294 
4 419 793 483 792 
3 618 430 444 
0
0
4 572 189 324 224 
0
4 749 442 380 744 
0
4 431 675 299 97 
0
4 361 239 264 177 
0
3 580 608 310 
4 174 722 542 180 
3 573 602 631 
1 89 
4 465 668 535 287 
4 373 563 411 669 
0
3 35 539 615 
2 665 328 
0
1 610 
0
4 596 474 345 86 
4 110 21 235 773 
2 520 433 
0
1 92 
2 754 204 
0
0
1 639 
3 184 439 62 
0
0
0
4 635 673 617 582 
4 64 458 592 583 
1 393 
4 734 175 392 142 
0
0
4 400 629 52 534 
4 774 634 383 485 
0
4 760 134 104 26 
2 6 417 
0
3 65 482 143 
1 478 
3 7 229 776 
4 690 46 786 624 
0
4 50 429 176 327 
3 409 554 18 
0
0
4 276 123 750 490 
4 231 410 198 452 
0
2 105 24 
4 731 208 333 262 
4 321 725 68 425 
4 487 707 567 543 
0
4 260 723 422 277 
2 591 67 
4 757 561 637 718 
0
1 436 
3 201 330 173 
4 480 57 213 326 
3 335 303 304 
3 331 100 336 
0
4 787 657 363 237 
0
0
0
0
1 178 
3 476 334 701 
0
0
3 190 209 462 
4 553 255 210 790 
4 130 119 280 76 
4 218 524 612 115 
3 420 755 514 
1 601 
2 713 302 
0
0
4 256 205 81 715 
0
3 165 203 630 
3 282 43 758 
1 238 
0
1 719 
0
3 501 711 305 
4 124 423 211 77 
0
3 623 225 496 
4 206 647 479 252 
0
4 477 579 537 526 
0
0
0
0
4 191 244 679 346 
1 289 
2 654 743 
3 716 357 399 
4 761 438 197 540 
4 236 765 95 311 
0
3 751 736 31 
0
4 421 53 426 768 
4 398 279 733 738 
0
0
4 351 17 33 80 
4 775 220 290 662 
0
0
0
4 385 609 772 368 
4 332 141 677 498 
3 698 154 642 
4 710 552 700 144 
2 284 584 
2 47 186 
4 137 614 664 481 
2 183 376 
2 418 228 
2 51 288 
4 559 59 212 166 
0
0
0
4 516 706 589 162 
2 87 564 
3 656 78 660 
0
3 405 322 352 
1 70 
0
0
3 782 370 449 
2 510 140 
0
2 49 621 
0
4 413 530 317 318 
4 533 157 708 192 
0
0
0
3 412 353 286 
3 199 780 272 
4 519 221 63 779 
0
3 500 406 515 
4 39 404 378 747 
3 125 560 676 
0
0
0
3 258 342 450 
3 653 468 742 
0
4 619 160 298 117 
4 358 684 60 674 
0
0
2 169 135 
0
4 350 568 588 38 
0
2 245 3 
3 538 195 254 
4 625 389 505 265 
3 106 369 75 
1 521 
1 737 
0
1 394 
2 261 581 
0
0
4 188 10 604 381 
3 295 168 658 
0
0
4 771 499 753 300 
0
0
