-140464.86
4 512 403 670 37 
2 908 122 
3 880 980 162 
1 168 
1 654 
4 637 885 76 952 
4 951 32 2 284 
0
2 332 256 
4 725 998 583 146 
4 453 840 562 497 
4 823 775 293 148 
3 103 247 689 
4 927 346 783 259 
0
4 80 20 398 812 
4 863 821 444 792 
0
2 494 96 
1 117 
2 716 794 
2 553 779 
0
0
4 248 926 304 486 
4 144 286 459 578 
4 943 735 736 930 
3 90 62 307 
4 74 787 798 516 
3 255 850 115 
0
4 519 42 858 43 
4 361 965 72 192 
2 883 254 
0
4 839 749 19 469 
4 281 845 782 475 
0
4 598 180 18 640 
4 214 936 145 299 
4 75 510 924 894 
4 203 554 692 985 
4 433 434 64 967 
4 432 723 848 184 
4 187 852 233 864 
4 26 24 629 990 
2 109 491 
4 948 717 690 771 
4 714 54 753 893 
4 147 540 472 589 
2 351 870 
0
4 872 756 868 280 
0
4 158 762 15 31 
4 854 232 287 859 
4 310 264 647 827 
3 40 873 154 
4 795 774 446 228 
4 590 449 607 651 
4 409 994 722 135 
0
4 386 102 544 987 
0
4 732 33 219 355 
3 884 357 752 
0
4 69 992 921 957 
3 685 702 301 
3 176 427 132 
4 891 546 501 765 
3 478 91 335 
4 534 910 317 338 
1 989 
4 669 101 602 467 
0
0
4 897 564 405 623 
4 769 818 600 834 
0
2 969 390 
4 671 157 665 275 
0
0
0
4 641 667 790 597 
2 161 674 
1 758 
4 337 129 521 988 
4 706 215 825 734 
4 354 127 698 660 
4 913 476 645 855 
4 470 678 413 142 
2 522 107 
4 85 319 625 67 
4 48 7 922 27 
0
2 786 982 
4 555 311 171 489 
0
4 313 726 675 329 
4 383 425 820 573 
4 466 334 763 79 
0
0
4 687 83 359 198 
4 149 819 502 973 
1 767 
1 270 
1 860 
4 737 978 262 138 
0
3 931 65 500 
3 56 793 257 
4 235 696 621 613 
4 634 535 713 541 
4 160 614 958 471 
0
4 876 950 41 844 
4 528 934 407 773 
0
1 381 
3 865 165 835 
4 610 937 556 777 
4 350 99 975 533 
3 78 953 347 
2 194 330 
0
4 997 895 134 572 
1 190 
2 140 618 
4 582 323 746 601 
4 6 538 677 189 
0
0
4 986 126 441 525 
1 66 
2 579 172 
4 348 968 630 760 
4 341 448 933 679 
2 353 761 
2 514 3 
3 217 225 846 
4 874 166 92 954 
3 340 993 11 
3 14 684 622 
4 847 167 788 237 
4 487 202 644 29 
0
4 668 718 648 265 
1 70 
4 245 199 580 807 
4 585 498 719 63 
4 223 935 318 800 
0
4 231 558 744 833 
4 764 960 604 209 
4 631 956 411 633 
4 652 258 829 751 
4 269 136 104 700 
4 482 545 781 841 
4 169 183 688 643 
1 920 
3 676 393 82 
4 875 979 731 653 
2 905 529 
2 221 551 
2 527 740 
2 970 81 
0
2 492 289 
4 581 21 575 150 
1 755 
3 206 941 236 
4 837 940 526 867 
4 720 461 344 447 
4 137 996 298 586 
4 612 369 204 914 
3 520 595 438 
4 266 499 861 608 
0
4 477 683 785 371 
0
0
0
1 995 
0
4 175 130 503 635 
4 401 662 488 925 
4 366 916 110 468 
0
3 343 120 141 
0
2 418 288 
1 439 
0
0
0
3 55 593 324 
4 303 152 853 320 
2 711 681 
4 61 246 251 234 
4 86 729 426 294 
4 13 71 838 569 
1 93 
0
2 263 857 
0
4 84 300 45 290 
4 431 605 193 815 
4 496 832 77 125 
3 563 576 695 
2 594 47 
4 312 938 229 124 
1 901 
4 715 778 780 892 
4 888 430 218 480 
0
1 801 
4 748 804 596 316 
4 349 887 291 389 
4 638 485 619 253 
4 200 406 422 656 
2 379 730 
2 429 984 
2 843 981 
4 899 404 712 208 
4 420 213 173 842 
0
0
3 830 205 543 
0
4 808 809 458 508 
4 620 699 454 603 
4 249 358 991 513 
0
0
4 750 574 813 186 
4 123 727 567 549 
0
4 584 802 918 385 
2 939 882 
4 370 932 39 473 
4 443 261 836 739 
2 322 803 
4 557 272 417 58 
4 382 116 915 866 
4 268 504 686 368 
2 373 170 
4 374 906 428 139 
4 53 174 464 375 
0
4 947 36 392 98 
4 419 51 481 333 
4 964 296 919 365 
4 87 113 642 649 
0
4 408 114 196 959 
3 321 849 877 
0
4 636 456 328 457 
0
1 929 
0
2 49 242 
4 511 946 352 421 
4 224 394 181 624 
0
4 977 452 869 797 
4 267 410 309 565 
0
3 372 153 445 
4 455 898 532 271 
4 182 279 240 907 
4 826 121 606 108 
0
0
0
3 440 38 252 
0
4 306 974 326 384 
2 805 772 
4 94 493 817 363 
0
3 791 336 741 
0
2 784 588 
4 68 207 701 397 
4 188 550 243 824 
4 523 435 724 759 
1 666 
4 388 450 131 961 
0
4 57 851 757 628 
4 230 856 474 463 
4 479 362 22 4 
0
4 314 377 302 944 
4 659 197 178 239 
4 912 119 276 879 
4 222 903 495 327 
4 35 945 862 902 
2 95 611 
3 789 796 163 
2 437 315 
1 52 
2 814 297 
4 391 128 220 524 
4 507 210 537 50 
3 661 106 88 
4 617 424 710 277 
2 211 367 
1 400 
0
3 983 292 5 
2 704 244 
3 283 260 415 
4 360 23 273 151 
4 530 694 745 663 
4 191 112 560 682 
3 754 672 942 
1 886 
3 118 414 904 
4 305 650 342 962 
2 889 828 
4 484 159 592 295 
4 831 570 12 423 
1 506 
1 632 
4 566 465 881 185 
4 28 697 799 505 
4 542 705 250 816 
4 156 179 626 308 
2 212 949 
4 693 742 416 10 
4 664 559 627 331 
4 709 591 747 17 
4 490 707 976 395 
2 164 568 
0
2 680 442 
4 917 963 923 509 
4 241 9 587 721 
1 378 
4 356 155 548 73 
4 536 274 177 216 
4 201 766 900 376 
4 60 811 515 733 
4 738 708 195 972 
4 97 728 238 111 
1 658 
0
4 8 387 571 646 
4 966 822 460 743 
4 871 462 657 44 
4 531 46 770 105 
4 806 100 615 16 
4 517 776 282 673 
4 227 655 878 285 
4 34 278 768 59 
1 143 
0
3 436 810 616 
1 691 
3 955 890 380 
0
4 399 226 451 928 
4 547 609 561 345 
4 577 999 396 325 
4 909 539 30 89 
4 552 364 1 339 
4 639 25 971 402 
4 412 911 518 133 
4 483 896 703 599 
