-144641.25
2 161 674 
0
4 791 891 521 807 
0
3 819 250 352 
4 793 6 845 792 
4 118 766 15 442 
0
4 999 246 134 63 
4 366 916 861 894 
4 920 143 167 810 
1 107 
4 103 935 298 164 
2 86 328 
0
0
4 875 99 744 621 
0
4 435 526 867 914 
4 564 502 186 761 
4 983 337 88 503 
4 496 909 170 883 
0
0
4 466 183 264 316 
4 680 187 45 291 
2 379 822 
4 826 729 307 320 
0
3 638 895 115 
4 814 213 998 633 
0
4 547 731 50 67 
4 340 207 834 254 
3 977 57 672 
3 903 760 500 
4 257 407 967 613 
4 74 55 42 797 
2 876 598 
3 462 723 31 
2 51 459 
1 381 
4 399 144 781 640 
4 634 542 778 711 
4 85 910 396 893 
4 155 843 505 990 
4 106 280 287 389 
2 11 135 
4 552 518 272 623 
0
2 351 870 
0
0
0
4 370 477 918 426 
3 221 668 630 
4 709 980 548 124 
2 349 754 
4 658 75 302 721 
2 647 371 
4 176 915 852 651 
4 116 609 64 475 
4 974 675 607 295 
4 80 425 820 234 
4 740 152 219 616 
0
3 306 241 941 
4 888 581 519 862 
3 737 880 415 
4 478 678 30 405 
4 943 318 800 777 
4 431 605 494 332 
4 393 726 493 204 
1 989 
4 303 38 772 380 
0
4 553 406 243 510 
1 27 
4 911 950 151 98 
1 70 
1 160 
4 872 334 873 784 
4 661 483 114 825 
0
1 785 
4 419 600 597 184 
1 433 
0
0
0
4 136 976 593 270 
3 637 809 132 
3 95 321 993 
2 296 141 
3 240 10 765 
4 68 21 446 525 
0
3 750 654 818 
1 611 
4 948 127 481 353 
4 540 387 589 944 
4 718 662 488 277 
4 201 865 133 304 
1 925 
0
4 409 612 217 751 
1 149 
4 14 300 416 148 
4 620 326 274 228 
4 969 390 746 105 
4 762 851 71 138 
3 251 562 308 
1 507 
2 722 299 
4 156 566 218 698 
2 629 565 
2 342 921 
0
4 245 664 434 992 
4 312 226 179 65 
0
2 860 162 
3 741 12 467 
4 590 728 369 833 
4 676 46 20 782 
4 78 452 347 18 
4 927 128 936 145 
0
4 517 926 19 608 
0
4 706 110 375 601 
4 487 69 504 17 
4 313 430 702 301 
4 205 832 653 930 
0
2 178 239 
1 104 
2 831 172 
0
4 341 120 656 773 
1 535 
0
4 482 559 938 683 
4 408 828 89 954 
4 917 317 237 385 
4 964 456 41 586 
4 453 856 322 859 
2 889 305 
1 438 
4 401 451 628 139 
4 960 472 838 421 
4 523 780 835 198 
1 561 
1 743 
0
4 231 574 906 355 
1 987 
3 9 428 216 
4 461 448 933 803 
1 846 
2 44 37 
4 212 949 665 824 
0
4 968 958 991 242 
3 806 450 131 
4 292 890 767 812 
4 330 539 858 569 
3 905 892 439 
4 94 437 626 981 
0
0
4 787 384 233 93 
4 137 878 335 844 
1 753 
1 463 
0
2 551 174 
4 227 655 885 364 
4 455 913 868 595 
0
0
4 591 747 679 864 
1 622 
0
0
4 671 449 447 513 
0
4 175 166 196 225 
3 725 173 331 
3 530 536 619 
0
4 165 193 971 402 
0
4 7 677 256 81 
0
0
0
0
4 34 129 688 150 
4 795 558 560 359 
4 610 403 29 325 
1 24 
4 837 554 214 788 
4 382 667 163 271 
4 200 563 159 815 
4 83 229 154 339 
2 281 857 
4 847 900 338 189 
4 511 102 576 73 
4 232 583 817 363 
4 940 524 357 327 
4 8 414 259 827 
2 26 47 
2 454 603 
0
4 35 319 413 618 
4 60 811 422 275 
4 527 82 701 962 
3 577 210 708 
2 912 112 
0
4 732 460 108 284 
4 641 730 699 474 
4 871 884 952 324 
4 932 650 643 79 
2 908 122 
4 899 346 783 376 
4 372 685 113 842 
0
0
4 555 804 181 602 
0
4 354 286 423 882 
4 997 157 427 959 
4 211 261 829 736 
0
0
4 639 395 881 660 
4 631 492 686 578 
0
2 584 779 
4 223 498 16 599 
4 585 520 244 473 
4 738 39 855 673 
1 988 
4 269 659 606 533 
2 40 278 
4 230 713 177 663 
2 192 681 
1 666 
3 522 756 689 
1 632 
4 199 476 418 501 
4 440 996 696 816 
2 904 208 
4 391 443 206 587 
3 687 537 596 
4 755 850 934 592 
4 190 942 972 294 
0
4 720 786 644 469 
2 260 397 
1 929 
4 191 550 768 733 
3 62 49 468 
0
4 830 557 538 879 
4 121 717 541 506 
4 652 594 887 575 
4 715 220 252 752 
0
4 283 614 719 209 
0
4 56 582 937 758 
4 669 485 195 984 
0
4 28 697 896 939 
0
4 23 705 76 970 
3 432 727 457 
4 386 323 293 544 
1 805 
4 158 168 853 700 
3 61 235 624 
4 373 436 692 59 
4 982 690 923 509 
4 986 840 985 588 
2 745 3 
4 360 255 802 670 
4 383 491 515 759 
0
4 90 268 682 43 
2 625 848 
4 570 464 516 368 
4 388 343 202 799 
4 169 479 604 458 
0
4 374 749 645 365 
4 617 424 757 1 
3 863 545 657 
4 356 445 77 841 
3 203 297 866 
4 53 961 398 489 
0
1 315 
4 636 735 285 52 
4 823 694 615 995 
4 512 543 975 92 
4 874 361 955 72 
0
3 480 486 957 
4 947 273 238 111 
3 966 249 919 
1 400 
3 821 532 965 
3 704 922 185 
4 764 197 924 649 
3 499 171 771 
4 348 258 309 471 
4 194 707 25 125 
3 798 417 794 
3 91 247 813 
4 182 776 22 58 
4 956 775 716 282 
1 963 
4 534 946 724 928 
3 579 703 568 
0
4 789 953 410 289 
4 748 580 571 646 
0
4 367 358 146 901 
4 188 808 96 497 
4 147 979 411 695 
4 693 36 869 142 
4 350 994 265 333 
4 854 310 712 345 
4 100 279 739 734 
2 412 684 
4 531 13 130 290 
0
1 5 
4 897 54 546 572 
1 470 
4 87 648 495 907 
4 898 444 180 849 
4 490 153 978 263 
2 66 770 
1 714 
1 801 
4 378 404 140 556 
0
4 222 126 429 253 
4 344 329 567 508 
4 420 119 2 549 
4 117 774 710 4 
4 314 377 262 573 
4 48 336 465 441 
4 394 528 362 902 
2 951 32 
0
4 266 945 392 236 
3 769 33 642 
4 109 215 627 635 
4 267 742 276 529 
0
4 224 311 836 973 
4 97 101 931 288 
0
4 84 123 790 691 
4 839 484 514 877 
0
0
4 248 796 763 886 
