-140875.36
4 374 845 533 37 
2 908 122 
4 795 477 244 454 
4 334 903 677 256 
1 198 
4 707 775 89 486 
4 378 644 719 209 
0
4 598 935 931 928 
4 370 787 701 294 
4 955 49 27 497 
2 107 32 
3 14 249 428 
4 617 612 946 25 
0
2 322 870 
4 854 99 286 233 
0
3 837 86 96 
4 137 570 653 79 
3 706 163 757 
0
0
0
4 343 321 783 345 
2 455 611 
4 755 895 515 970 
4 200 659 293 892 
1 868 
0
4 966 187 873 682 
1 761 
4 631 717 411 67 
1 254 
3 530 829 3 
3 188 916 747 
4 231 87 763 441 
4 203 461 923 320 
4 496 850 115 883 
4 35 235 362 429 
4 519 595 405 914 
3 888 917 381 
2 360 361 
4 732 83 142 569 
4 169 456 225 58 
3 520 503 990 
4 281 317 111 389 
4 714 123 329 467 
4 705 906 265 368 
0
2 351 439 
0
2 472 164 
0
4 558 835 621 135 
0
4 804 630 307 616 
2 977 754 
1 168 
4 523 484 369 525 
4 826 404 836 402 
4 552 710 375 601 
4 974 502 41 458 
4 348 175 965 817 
4 313 811 476 624 
0
0
4 221 121 257 397 
4 740 435 670 656 
4 440 100 971 365 
4 517 926 304 777 
1 584 
4 764 220 657 841 
1 989 
1 184 
4 452 20 541 505 
4 675 358 146 959 
1 984 
2 664 129 
1 70 
2 160 986 
4 693 346 252 282 
4 349 80 550 665 
0
0
4 78 367 9 733 
4 638 326 645 549 
4 118 818 625 31 
0
0
4 283 310 274 178 
4 412 823 813 208 
4 979 479 416 651 
4 678 384 2 882 
4 409 978 648 240 
4 920 68 130 426 
0
4 789 796 101 446 
4 38 852 800 216 
1 390 
4 156 557 723 185 
3 490 66 758 
4 470 579 731 352 
1 492 
0
4 748 606 407 846 
1 801 
2 929 174 
4 379 822 246 884 
4 709 790 972 907 
4 658 311 102 138 
4 676 128 998 724 
1 241 
4 354 528 474 299 
4 487 430 272 760 
4 260 39 810 773 
2 342 324 
0
4 191 905 301 603 
4 226 197 171 150 
0
4 399 143 494 92 
4 540 387 736 646 
1 590 
4 527 982 526 771 
1 597 
2 762 276 
0
4 871 799 858 681 
4 116 878 12 488 
4 483 704 88 686 
4 48 847 55 271 
3 173 237 385 
4 420 524 192 295 
0
4 791 336 615 11 
2 996 104 
1 172 
4 388 268 746 242 
4 341 976 862 962 
4 394 297 961 901 
0
3 161 512 113 
4 149 819 243 510 
4 269 436 50 803 
2 838 513 
4 94 941 236 618 
2 821 532 
4 28 689 423 673 
4 393 425 820 879 
2 306 330 
4 582 166 521 125 
3 419 711 331 
1 899 
0
4 350 202 980 834 
4 85 668 768 628 
4 443 206 285 568 
4 581 207 798 417 
4 545 219 759 588 
1 666 
4 620 605 696 145 
0
4 26 152 5 700 
4 266 434 21 587 
4 453 825 586 812 
4 671 684 919 544 
1 843 
3 863 292 856 
0
0
4 305 62 575 93 
4 431 802 422 108 
0
4 34 934 944 578 
0
4 551 403 784 633 
4 535 609 571 380 
0
1 400 
0
4 983 518 279 722 
0
0
0
4 478 511 195 987 
0
4 74 396 459 663 
3 190 473 734 
4 937 690 991 353 
0
1 556 
0
4 7 155 992 529 
0
0
0
3 263 177 333 
4 726 318 893 613 
4 153 591 29 660 
4 391 183 688 602 
1 24 
4 410 683 785 189 
4 157 71 338 695 
4 969 968 504 1 
4 61 537 781 162 
2 622 857 
4 56 542 543 975 
4 898 718 993 855 
4 737 119 19 363 
2 23 778 
4 450 853 65 4 
0
3 912 213 77 
3 427 792 43 
4 144 460 42 635 
1 339 
3 889 82 600 
2 8 708 
4 90 950 328 623 
2 672 918 
4 248 261 302 848 
4 641 462 259 988 
4 577 347 698 608 
4 366 887 30 140 
3 994 782 308 
4 655 54 159 288 
2 997 779 
0
0
4 742 890 743 859 
0
0
4 408 179 170 824 
4 872 831 250 842 
0
0
4 680 539 869 772 
4 224 53 335 567 
0
3 876 674 151 
4 199 344 16 599 
4 932 193 18 239 
4 303 786 485 712 
4 337 126 881 234 
0
4 40 278 481 807 
4 585 258 560 619 
4 211 319 730 699 
2 685 861 
4 522 951 22 355 
0
0
4 738 564 936 253 
3 814 401 896 
4 943 445 626 59 
4 227 913 697 45 
2 499 332 
3 669 828 942 
1 927 
3 432 727 469 
0
4 91 449 904 275 
4 69 900 921 463 
0
4 531 780 589 325 
4 559 392 952 139 
4 793 945 214 596 
4 667 692 289 925 
4 652 725 629 565 
4 147 728 744 186 
4 372 377 867 930 
1 84 
4 60 210 583 228 
4 956 702 562 864 
0
3 963 291 877 
0
4 610 735 418 647 
1 212 
2 255 563 
1 805 
4 897 885 76 924 
0
4 769 215 480 954 
4 176 851 576 679 
4 830 839 167 788 
3 448 134 371 
4 636 33 501 827 
4 245 493 642 572 
0
4 614 298 376 752 
0
0
2 112 716 
3 386 832 745 
0
3 415 357 124 
4 534 766 64 721 
4 300 650 815 81 
4 574 141 816 981 
4 312 114 604 63 
4 75 546 204 902 
3 106 444 703 
4 482 999 437 315 
4 720 915 844 649 
4 964 910 414 767 
3 947 891 196 
2 507 273 
0
4 97 383 451 967 
4 36 538 495 327 
2 607 148 
2 756 15 
3 637 953 958 
0
4 553 373 217 933 
1 44 
4 566 580 309 468 
4 194 940 922 421 
1 509 
0
4 182 776 939 277 
2 808 860 
0
4 554 181 548 475 
2 464 132 
4 948 127 662 506 
1 632 
4 715 909 751 797 
0
4 95 555 222 133 
4 687 729 592 270 
4 949 323 72 52 
4 158 406 465 973 
4 57 47 593 573 
4 120 251 985 957 
1 290 
1 995 
4 117 46 938 359 
4 661 774 229 154 
0
4 536 264 739 500 
1 103 
4 356 498 238 640 
4 750 654 165 849 
4 314 491 110 105 
4 694 809 287 894 
4 875 247 627 794 
4 806 280 442 833 
4 223 230 713 691 
0
4 466 13 131 866 
4 547 770 316 508 
4 433 6 749 98 
4 232 753 447 17 
4 911 364 398 10 
0
2 438 489 
4 180 514 516 284 
0
0
3 340 262 457 
4 109 136 218 561 
4 267 424 840 73 
0
2 382 880 
0
4 874 296 643 765 
4 205 960 51 886 
4 634 594 413 471 
2 639 395 
3 201 865 741 
0
