-144129.38
1 374 
0
4 664 685 677 270 
0
4 668 730 171 855 
4 943 558 151 357 
4 466 334 190 271 
0
4 947 891 328 879 
0
2 920 143 
2 107 32 
4 103 910 102 607 
3 86 195 846 
0
0
4 356 766 845 17 
0
4 337 900 691 812 
3 470 404 890 
3 47 503 43 
1 315 
0
0
4 738 215 593 962 
4 311 744 459 290 
4 379 23 903 385 
3 213 630 892 
1 868 
2 850 115 
1 844 
4 78 697 120 991 
4 631 217 736 954 
3 998 501 254 
4 26 491 690 146 
3 517 648 529 
4 969 906 96 635 
4 350 453 829 751 
4 720 260 560 700 
4 487 839 257 429 
4 555 222 126 3 
4 826 403 815 914 
4 433 659 727 573 
4 554 820 623 864 
4 169 742 229 288 
0
2 570 12 
4 343 390 717 177 
4 714 235 571 189 
0
4 725 244 351 870 
0
4 84 319 280 164 
1 901 
4 245 762 696 380 
4 787 763 792 339 
4 136 410 683 679 
2 889 754 
4 297 650 798 132 
4 393 687 731 944 
4 750 38 159 578 
4 898 828 862 988 
4 534 974 326 293 
3 808 358 234 
4 191 614 219 628 
4 977 582 261 259 
1 437 
4 310 285 973 567 
4 94 657 301 603 
4 982 218 971 402 
4 137 76 225 777 
1 584 
4 314 406 670 239 
1 989 
4 336 976 627 154 
0
2 507 779 
4 793 141 621 27 
4 391 121 884 883 
1 70 
4 160 518 416 442 
3 872 831 741 
4 913 175 279 902 
0
2 785 827 
4 804 15 233 368 
4 997 87 243 457 
0
0
0
4 577 99 22 807 
4 106 123 866 882 
4 818 104 800 79 
0
4 183 272 240 525 
4 399 68 515 58 
0
3 789 157 163 
2 95 611 
4 230 250 505 242 
4 617 885 474 299 
4 321 813 481 31 
4 929 511 961 198 
4 492 49 353 925 
0
4 156 610 778 836 
2 306 255 
4 472 329 282 365 
4 620 960 45 722 
4 69 88 810 616 
4 871 444 335 138 
3 251 562 308 
1 75 
4 60 740 435 712 
1 985 
1 565 
0
1 57 
2 360 373 
1 984 
0
1 983 
4 66 193 29 646 
4 671 895 362 338 
4 661 46 413 561 
2 35 55 
1 330 
0
4 420 978 262 332 
1 488 
4 28 851 757 761 
4 401 692 307 773 
4 200 434 521 37 
4 979 276 781 320 
0
4 269 964 179 108 
2 105 673 
1 172 
4 748 62 359 613 
4 634 535 915 843 
4 948 226 323 504 
0
4 482 484 703 345 
0
4 863 530 688 322 
3 857 544 987 
3 167 788 759 
4 520 958 867 601 
4 542 543 130 423 
4 281 436 407 608 
4 450 369 972 930 
4 383 232 576 67 
4 585 704 887 30 
4 14 999 384 995 
0
4 231 387 723 752 
4 194 940 113 642 
0
4 888 581 246 162 
3 348 392 803 
4 666 6 11 98 
1 755 
0
4 48 667 5 686 
3 283 430 71 
4 112 546 632 150 
2 221 551 
0
0
0
0
3 676 986 381 
4 791 210 9 834 
0
4 303 854 726 934 
3 823 263 604 
0
4 74 802 665 626 
4 40 705 595 438 
0
0
4 811 591 922 458 
2 622 919 
0
0
4 386 396 447 508 
0
0
4 875 292 575 663 
4 349 54 451 619 
0
4 158 456 556 599 
0
4 415 134 721 81 
2 784 588 
0
2 510 111 
0
4 477 749 495 63 
4 153 936 265 660 
4 590 33 428 568 
2 24 618 
4 388 114 729 817 
4 147 7 993 586 
2 825 93 
3 955 698 139 
0
4 769 935 881 256 
4 361 298 376 228 
4 408 300 110 928 
4 8 249 145 327 
3 563 411 295 
0
4 732 173 842 463 
4 268 918 398 734 
4 652 774 965 797 
4 462 869 18 439 
4 448 933 848 184 
4 372 917 745 469 
4 312 461 938 19 
0
2 313 485 
4 641 155 629 468 
4 161 950 493 500 
4 715 252 533 284 
3 80 994 237 
4 899 51 790 216 
4 553 822 537 64 
0
0
4 440 564 625 275 
0
4 443 187 274 838 
4 496 909 131 861 
4 168 101 352 513 
0
0
4 455 523 566 770 
2 653 695 
0
1 674 
3 522 796 896 
4 552 956 775 473 
4 897 786 20 291 
4 837 82 422 10 
4 847 519 782 640 
4 680 83 331 333 
3 706 942 771 
4 528 72 192 765 
0
4 412 911 545 92 
0
4 598 937 405 549 
4 56 996 39 716 
4 378 675 835 375 
4 354 302 238 633 
4 367 708 699 467 
4 224 53 539 975 
1 821 
0
3 636 498 719 
2 908 122 
4 637 394 174 514 
4 166 418 304 4 
3 341 878 662 
2 724 569 
4 540 856 355 859 
4 709 694 596 389 
1 794 
0
1 340 
4 951 536 592 209 
0
4 478 460 197 952 
4 559 427 921 957 
0
0
0
4 830 241 735 548 
1 212 
4 258 853 204 649 
4 805 772 287 294 
4 814 346 799 682 
0
4 202 432 583 59 
4 370 424 701 397 
2 142 497 
3 347 923 509 
4 220 170 924 681 
4 819 953 840 178 
0
4 90 916 739 907 
0
3 127 541 597 
2 905 656 
4 707 476 602 421 
0
2 638 880 
4 527 36 992 970 
4 912 119 931 516 
4 382 865 606 426 
3 214 342 733 
4 227 655 133 371 
4 34 278 873 710 
4 211 718 16 959 
1 52 
4 449 753 41 767 
4 876 550 615 325 
2 149 499 
0
4 605 538 480 877 
4 764 946 702 572 
3 579 904 148 
1 400 
2 532 939 
0
4 85 206 644 647 
2 980 44 
4 305 580 309 981 
4 414 77 454 363 
4 490 547 609 417 
0
4 118 129 446 277 
4 199 100 600 860 
3 91 247 963 
3 116 968 181 
0
3 452 42 506 
3 672 747 289 
3 445 760 841 
0
4 182 689 780 89 
4 806 366 494 624 
1 949 
4 693 728 711 967 
1 669 
4 557 25 643 475 
4 117 13 140 816 
2 966 684 
4 483 465 441 489 
0
3 746 316 894 
4 832 783 526 833 
4 678 344 464 208 
4 188 152 524 185 
4 639 758 589 651 
3 795 654 165 
4 248 756 809 886 
0
1 801 
2 658 776 
0
3 50 824 135 
4 927 296 502 2 
4 97 612 941 125 
4 409 594 317 73 
4 531 128 21 587 
4 266 945 645 486 
4 144 852 186 990 
4 932 180 849 743 
4 61 207 65 471 
0
1 512 
4 109 479 286 768 
4 203 419 893 324 
0
4 737 273 196 236 
4 431 926 858 124 
1 874 
4 205 425 264 253 
4 267 574 364 1 
3 201 377 318 
0
4 223 176 713 395 
