-64745.04
4 208 342 413 161 
4 875 301 866 479 
4 439 743 235 337 
4 159 706 677 135 
4 151 192 125 543 
4 666 478 681 751 
4 534 87 156 581 
4 864 488 778 331 
4 4 423 62 536 
4 510 599 205 675 
4 701 568 251 612 
3 826 607 712 
4 722 247 237 214 
2 724 428 
4 32 9 148 692 
4 643 555 90 768 
4 27 503 440 513 
4 499 217 391 203 
3 211 404 92 
4 444 80 75 145 
4 714 117 756 669 
3 40 152 651 
3 100 45 617 
4 361 711 355 344 
4 762 330 664 716 
4 481 463 881 763 
4 221 556 868 682 
4 650 278 88 362 
4 226 400 576 144 
4 687 279 584 538 
4 564 786 890 333 
3 540 807 653 
4 695 115 219 776 
4 462 888 35 668 
4 73 570 59 690 
4 426 608 213 289 
4 742 421 383 126 
4 828 300 218 252 
4 49 627 65 533 
4 825 280 445 470 
4 708 797 97 597 
4 658 616 806 128 
3 877 18 288 
3 699 476 795 
4 629 572 883 157 
3 738 788 1 
4 840 569 696 862 
4 25 332 283 52 
3 823 299 418 
4 405 253 76 357 
4 324 387 487 272 
4 147 622 241 821 
3 630 812 574 
4 370 91 254 626 
4 292 303 89 441 
4 673 430 382 262 
4 43 561 350 586 
4 646 591 399 603 
4 632 108 528 93 
4 64 694 759 339 
3 424 131 780 
3 811 381 507 
3 66 24 719 
4 312 504 433 557 
4 529 58 71 165 
3 367 645 227 
4 728 491 679 604 
4 606 180 578 22 
4 766 813 610 452 
3 508 819 594 
4 865 596 110 284 
4 447 316 582 731 
3 224 571 459 
3 231 611 364 
4 521 469 174 642 
3 874 248 689 
4 522 657 417 856 
4 595 171 129 831 
3 309 140 893 
4 785 686 353 13 
4 57 234 328 379 
4 530 160 885 142 
4 691 238 29 844 
4 563 590 201 15 
4 815 531 670 514 
4 707 660 30 16 
4 747 575 631 741 
3 477 637 407 
3 256 327 42 
3 378 545 500 
4 153 8 270 600 
4 773 873 549 879 
4 188 736 215 855 
4 403 349 892 746 
4 567 636 70 532 
4 492 23 702 193 
4 448 483 592 169 
4 834 757 275 389 
4 559 343 176 358 
4 774 204 369 723 
4 863 191 552 315 
4 442 882 143 28 
3 585 704 560 
4 305 44 187 652 
3 790 680 21 
3 860 398 212 
4 516 671 494 684 
4 285 113 334 505 
4 185 373 150 60 
4 437 787 249 396 
4 134 579 86 799 
3 351 739 415 
4 755 861 172 233 
4 621 814 106 537 
4 179 809 520 633 
4 348 710 141 37 
4 220 870 482 374 
4 390 672 761 829 
4 793 798 94 625 
4 869 810 713 846 
4 760 56 137 116 
4 779 136 796 524 
4 149 770 265 450 
3 490 354 98 
4 168 703 61 547 
4 634 535 266 794 
4 872 53 307 647 
4 700 366 777 486 
3 525 443 189 
3 422 518 95 
4 457 849 82 465 
4 78 132 69 416 
4 685 539 697 385 
4 876 47 182 12 
4 271 181 206 197 
4 85 51 77 550 
4 624 676 817 635 
4 246 727 41 336 
4 471 329 519 721 
4 393 46 199 401 
3 805 239 843 
4 371 122 620 678 
3 456 223 446 
3 566 698 325 
4 526 639 489 836 
4 255 665 19 119 
4 544 281 506 245 
3 791 772 118 
3 222 34 26 
4 121 705 583 298 
