-63435.21
4 208 332 240 50 
4 828 72 345 362 
4 108 649 7 270 
4 599 803 417 856 
4 151 352 241 524 
4 220 293 358 682 
4 691 676 458 313 
4 196 791 131 556 
4 4 596 317 626 
4 766 18 514 169 
4 444 471 96 237 
4 510 421 485 679 
4 207 181 432 536 
4 793 351 739 42 
4 838 54 890 519 
4 398 104 764 470 
4 305 814 712 763 
4 341 864 127 161 
4 624 467 502 242 
4 658 805 192 775 
4 529 257 275 669 
4 360 87 836 144 
3 563 218 584 
3 646 264 145 
3 673 781 693 
4 872 200 562 16 
3 457 469 555 
4 167 170 506 684 
4 666 659 412 515 
4 222 263 653 868 
4 865 523 549 557 
4 73 420 822 628 
4 859 10 239 37 
4 340 847 487 434 
4 302 368 520 633 
4 492 85 177 157 
4 134 809 142 409 
3 433 36 690 
4 632 694 727 776 
4 606 627 228 582 
4 149 645 235 543 
4 811 210 335 795 
3 568 2 288 
2 545 189 
3 585 35 560 
4 285 373 788 265 
4 765 729 796 547 
3 742 522 466 
4 173 219 321 833 
4 23 381 333 550 
4 722 356 592 214 
4 876 638 70 532 
4 736 9 574 90 
4 601 747 11 415 
4 437 569 178 538 
4 762 366 476 126 
4 390 387 307 135 
4 707 82 573 741 
3 566 278 558 
4 91 680 451 315 
4 153 435 155 41 
4 830 247 325 586 
3 481 75 259 
4 312 504 579 446 
4 869 462 143 28 
3 79 359 384 
3 78 140 267 
4 800 229 65 640 
4 66 551 750 552 
4 113 835 663 719 
4 163 602 486 262 
3 49 546 141 
4 324 209 213 768 
4 456 613 112 374 
4 188 564 655 148 
4 224 648 386 692 
4 256 369 12 600 
3 3 395 468 
4 297 47 283 26 
4 875 463 106 500 
4 700 314 154 751 
3 58 756 480 
3 147 622 311 
4 231 461 839 289 
4 815 309 194 780 
4 863 63 625 597 
4 121 57 234 452 
4 542 436 308 581 
3 784 473 77 
4 730 179 136 294 
3 639 489 841 
3 100 829 197 
4 370 535 607 642 
4 464 132 857 60 
3 531 71 165 
4 615 342 820 92 
4 64 330 216 565 
4 348 748 120 203 
4 774 779 819 594 
4 408 223 29 385 
4 634 851 183 821 
4 442 806 233 537 
4 426 122 813 156 
2 588 513 
4 349 577 734 118 
3 834 807 268 
4 695 886 704 617 
4 825 282 505 731 
3 630 636 651 
4 25 195 111 533 
4 40 180 319 589 
4 246 706 677 379 
4 738 365 454 331 
4 271 430 696 843 
4 714 641 539 697 
4 629 280 128 450 
4 405 448 483 668 
3 186 494 465 
4 422 44 187 416 
4 80 495 89 716 
4 534 787 243 808 
4 826 708 797 272 
4 274 783 612 604 
3 490 159 97 
4 94 375 344 647 
4 616 889 110 284 
4 559 299 69 336 
4 755 861 99 527 
4 840 517 733 407 
4 292 303 382 675 
4 516 138 391 831 
4 650 798 541 427 
3 378 698 735 
3 760 880 418 
4 540 767 252 337 
4 508 484 670 497 
4 526 74 201 184 
4 361 687 881 619 
4 705 306 62 846 
4 17 273 591 777 
4 701 316 726 855 
4 773 570 399 754 
4 424 217 6 260 
4 211 512 618 22 
4 447 845 759 250 
4 255 812 657 212 
4 160 45 844 721 
4 115 295 561 350 
4 530 699 801 709 
2 792 232 
