-64100.48
3 224 412 190 
4 371 819 103 15 
4 393 420 498 126 
3 564 399 843 
4 297 792 232 197 
4 526 342 247 325 
3 231 353 166 
4 707 58 239 145 
4 656 226 354 891 
4 25 46 717 415 
4 279 111 125 543 
4 765 366 485 205 
4 811 24 560 550 
4 378 10 248 631 
4 828 152 139 633 
3 100 154 212 
4 658 484 133 573 
4 691 818 411 362 
3 447 225 242 
4 397 192 505 237 
3 714 258 841 
4 540 817 681 288 
4 566 132 756 333 
4 840 599 495 26 
4 650 638 130 441 
3 559 607 679 
3 790 648 198 
4 876 641 539 587 
3 624 122 193 
3 665 327 802 
4 698 735 118 385 
3 504 837 123 
4 773 720 120 844 
4 271 887 734 479 
4 870 107 778 331 
4 516 729 320 22 
4 437 310 53 775 
3 438 88 453 
4 666 889 493 124 
4 455 330 228 417 
3 305 423 511 
4 728 708 368 16 
4 147 218 829 723 
4 370 115 243 661 
4 676 74 577 884 
3 367 47 48 
4 78 602 317 245 
4 167 711 382 538 
4 285 548 858 465 
4 730 568 788 164 
3 462 489 1 
4 673 430 116 135 
4 40 571 141 768 
4 755 186 425 675 
4 361 33 739 637 
4 508 699 473 893 
4 390 807 486 617 
4 422 878 558 452 
4 492 448 816 235 
4 787 494 377 808 
3 779 867 41 
4 529 660 89 12 
4 346 458 264 252 
4 351 432 272 470 
4 414 545 718 604 
4 173 611 364 600 
4 805 463 86 524 
3 442 170 689 
4 269 461 306 855 
4 257 277 709 214 
4 865 134 183 338 
4 49 293 594 682 
3 490 620 268 
4 312 56 71 507 
4 510 217 6 833 
4 722 191 410 879 
4 149 345 454 716 
4 444 814 84 536 
4 292 421 99 527 
4 324 398 30 374 
4 789 703 61 642 
3 179 809 142 
4 64 460 68 296 
4 481 710 174 289 
4 815 823 509 562 
4 774 864 127 445 
3 644 579 156 
3 791 812 184 
4 4 663 836 868 
4 359 753 610 262 
4 3 108 376 308 
3 426 555 586 
4 188 752 244 409 
4 403 349 14 37 
4 373 160 172 480 
4 630 737 688 90 
4 168 806 771 169 
4 23 54 578 270 
4 851 725 487 597 
4 456 334 104 450 
3 593 482 328 
3 207 608 497 
4 622 35 692 581 
4 595 826 31 428 
4 563 253 759 119 
4 229 386 654 315 
4 695 85 541 213 
4 872 280 28 731 
4 457 273 517 839 
3 544 797 97 
4 171 295 561 276 
4 747 329 565 379 
4 151 875 63 95 
4 632 738 150 846 
4 472 542 436 514 
4 340 671 323 407 
4 629 531 381 668 
3 534 554 764 
4 113 848 137 619 
4 439 743 727 162 
3 408 871 62 
4 196 387 375 693 
4 79 204 206 416 
4 208 332 794 751 
4 615 195 45 337 
4 800 590 318 592 
4 27 551 653 336 
4 793 847 299 396 
4 700 282 335 795 
4 222 34 384 741 
3 66 649 203 
4 535 266 866 856 
4 724 546 476 13 
3 830 433 69 
4 73 572 883 552 
4 785 469 9 227 
4 825 570 59 690 
4 525 664 557 721 
4 863 18 60 647 
4 163 614 655 678 
4 521 736 314 799 
4 634 798 772 669 
3 405 249 468 
4 360 216 233 537 
4 449 43 182 684 
4 255 109 294 519 
4 601 471 140 189 
4 343 176 114 144 
4 701 80 75 745 
4 742 44 187 589 
