-65599.43
4 490 614 317 557 
3 828 131 60 
4 393 705 383 552 
4 346 477 89 821 
4 456 257 625 597 
4 629 607 603 768 
3 851 783 252 
4 559 878 704 407 
4 700 872 623 77 
4 373 136 446 741 
4 599 495 584 379 
3 171 18 270 
4 863 251 846 550 
4 774 779 199 333 
4 736 737 555 844 
3 224 353 434 
4 438 857 589 214 
4 691 566 172 358 
4 220 433 558 90 
3 701 819 831 
3 23 107 392 
3 73 347 338 
4 492 74 201 268 
4 25 300 82 573 
3 352 867 709 
4 366 553 125 543 
4 632 467 816 198 
4 650 798 102 799 
3 818 381 668 
4 361 805 396 441 
3 147 489 775 
3 40 81 328 
4 800 238 440 776 
4 462 180 323 633 
2 837 250 
3 449 577 22 
3 521 698 693 
3 360 727 690 
3 49 430 453 
4 606 332 356 514 
4 309 395 7 600 
4 151 226 354 233 
4 455 85 772 652 
2 602 189 
3 585 667 716 
4 79 175 230 237 
3 326 322 389 
4 370 792 178 337 
3 823 660 26 
4 534 218 750 586 
2 568 841 
4 595 644 9 642 
4 293 866 856 682 
4 747 575 325 675 
4 444 80 365 241 
4 765 291 61 547 
4 271 892 431 519 
4 601 153 749 384 
4 371 766 502 242 
3 439 402 751 
4 742 471 803 162 
4 730 874 663 764 
4 78 132 454 879 
4 760 186 608 697 
4 869 810 210 836 
3 367 411 41 
4 121 569 232 362 
4 472 535 436 654 
3 292 523 205 
4 811 613 265 450 
4 865 134 813 377 
4 666 422 769 651 
4 208 882 65 640 
4 838 797 527 537 
4 158 546 103 843 
4 825 886 713 212 
4 4 596 104 416 
4 179 246 76 612 
3 222 34 619 
3 231 253 574 
4 297 542 130 754 
4 714 641 129 20 
4 64 671 824 723 
4 426 122 386 417 
4 815 330 70 532 
4 273 743 501 50 
4 167 807 829 795 
4 791 412 578 480 
4 708 368 190 560 
4 481 55 29 536 
4 3 484 744 507 
4 405 448 143 21 
4 510 278 364 452 
4 403 850 681 288 
3 274 223 653 
4 563 458 264 466 
4 261 200 45 37 
4 634 33 120 166 
4 424 108 215 465 
4 508 191 98 16 
4 340 686 236 746 
4 442 219 321 684 
4 447 14 184 581 
4 196 229 443 763 
4 420 740 161 315 
3 787 494 30 
4 695 639 561 339 
2 588 719 
4 782 19 110 197 
4 840 478 59 144 
4 755 870 263 372 
4 544 75 86 524 
4 285 256 106 500 
4 676 398 594 118 
4 609 155 427 470 
4 875 463 576 357 
4 624 646 620 157 
4 848 258 375 296 
4 762 406 307 262 
4 876 31 193 604 
4 27 204 275 165 
4 397 225 92 647 
4 149 720 1 868 
4 390 672 801 533 
4 159 391 678 169 
4 529 590 318 284 
4 793 685 71 409 
2 717 331 
3 738 140 267 
4 188 545 67 721 
3 168 781 344 
4 658 303 696 538 
4 173 310 53 631 
4 113 814 234 374 
4 504 861 753 662 
4 877 152 139 15 
4 526 207 216 276 
4 115 137 429 336 
4 305 58 786 385 
4 163 849 174 677 
3 109 688 126 
3 348 295 311 
4 531 282 796 808 
4 790 759 123 289 
4 457 694 777 486 
4 255 378 99 862 
4 707 100 399 245 
4 665 342 635 135 
3 530 699 410 
4 728 491 428 893 
