795 416
31.692626536000436 31.656655334574086 677 31.39775975986428 30.45704770866911 765
30.577421492975482 30.092918145769772 560 31.18571843191953 31.095861439117005 593
31.897418087274072 31.711827038309853 577 31.567265502119685 31.16844475346907 642
30.852474620533776 31.639045840050738 707 30.963227859023426 30.204355866620737 782
30.643764976754237 31.098499263659903 430 31.94165121372612 31.70181537685577 507
31.62465249964216 30.2660070674684 562 30.596627210193645 30.46343773339938 644
30.256494795967953 31.70376179316353 416 31.249512417228836 31.496484636913667 476
30.487549156796604 30.8023275267875 574 31.631600156588977 30.721942901892987 626
30.589803067359497 30.504494031530662 566 30.1799121623705 30.50165314266044 614
30.209008187758585 31.65755597146793 728 31.995564056933592 30.83162658280489 797
30.36598352882041 30.757391137237363 554 31.141890232950818 31.386869872212372 605
31.429964315800145 30.897812784698118 791 31.512700206166915 31.252678732189896 876
31.96363742073813 30.506807714510288 527 30.98282290524284 30.18211553284425 600
30.83349060592859 30.806549896357463 918 31.160193883025375 31.994255456636285 992
30.207180877351654 30.893042512689973 967 31.223529651242075 30.82878624463848 1002
30.37388673228885 31.075860437458424 674 30.309316583032786 31.116345699856407 757
31.548565437426525 30.243881839279958 667 30.922075934635107 30.11048364257925 710
31.28968865042494 31.697059654168463 854 30.197119156505412 31.58284296039924 931
30.397554844805633 31.569007833503193 820 31.74296261568826 31.26346181001486 862
30.777925531972876 31.1934121710978 681 30.867798545960746 31.611574580062754 730
31.526528148536652 31.46788052837238 619 31.81166532998189 31.357018915203795 658
30.849029666267192 31.448381407734534 811 30.53946359652824 31.03549720912212 875
31.25255644453691 30.1354942876404 460 30.265424206550627 31.948399634098127 504
31.29598580766114 30.06959655191279 582 31.69761136534087 30.13245105951977 622
31.283593568870167 31.70067414559052 664 30.99884487861069 31.650236304958355 694
31.77345021959715 30.48470086811879 924 31.621985898118616 30.717742905650997 979
30.46694131430656 30.883241250728133 695 31.286433938309962 30.270058751330193 744
31.377249026371082 30.89320898541884 746 30.46414556656538 30.076282550249857 784
31.30707026131376 30.18910813863213 675 31.219816049052717 30.10997340182823 742
31.96827877542399 30.27092552374565 460 31.470280242476186 31.249990820332723 505
30.18932387260768 31.939672015518294 782 30.97488953841193 31.48253301373874 846
30.89593036720075 31.386350651828614 529 30.70506520509695 31.10608024406132 573
31.02293903578926 30.391533014261917 849 31.813700860002626 30.26558307608326 888
31.567716992915777 30.627857808264423 462 31.775506159619262 31.09674129543223 503
31.188168047920527 31.825828225591454 430 31.277129505608087 30.185828378431864 481
31.380635871229952 30.829383998337395 1039 30.751671113518935 30.40773946061257 1128
30.16277524765524 31.62632117960416 989 30.768685259744153 31.194095264068093 1023
30.874280254811126 30.475025741868272 901 31.381795209252893 31.71334972321625 963
30.238159976505145 30.306526734673962 488 31.365202657075795 31.263468897639143 554
30.04458333549732 31.35562388960977 504 31.615621831769655 30.7188988814604 575
31.582714615944322 31.142701716449356 491 31.63441549151064 30.701639309999447 529
30.527879329372876 30.18796125518253 571 31.221705483139367 30.37523878979478 604
31.463054439414766 30.853015403548614 712 31.555000042437328 30.3254927785728 779
30.12682664952717 30.124700611789486 431 30.595874152829058 30.2730014829238 519
31.91767122472332 30.33640376707069 838 31.0701569265392 30.84377652297673 915
31.38630907043537 30.684012797239152 755 30.762252492267 31.473047126775917 817
31.782695778117553 30.460397749490195 459 30.957474723310064 30.177784336069532 519
31.78421731542937 31.354995861909032 1078 31.86576090066721 31.912873798374097 1151
31.374979782275933 31.922686718150157 573 30.444470288102963 31.474073726358384 663
31.370542374093915 32.00165035631808 591 31.19955589367469 30.39025451808787 677
31.449278922596154 30.705245716119396 414 30.90549964015713 30.378541134721406 480
30.18159499840213 31.296882325342146 838 30.62439124145614 31.561698039612477 887
30.266612194741942 30.215499594357354 583 31.691224703223455 30.386587673254844 636
31.941709857199683 30.5096944903299 916 31.316198250306208 30.883291309183203 987
30.984432848626977 31.03249283839405 598 31.589308125685292 31.16470839497581 647
30.138241754760543 30.504606291554804 667 30.967717903839343 31.404377041402913 748
30.837180991516785 31.9542327048806 578 31.890109319428753 30.25695910263452 610
30.382238428136485 31.452108745671154 727 30.98957736896663 30.668443076190158 789
30.206448920924853 31.3123674333081 578 31.472279663659098 30.14283813507698 656
31.29110979362736 30.194117805478633 652 30.32879774795048 31.139943369236143 698
31.600924621158754 30.223200812465745 715 31.357523628306918 31.125711612233097 799
31.882510989604267 31.711613669000116 829 31.74918184241631 31.193881957352136 898
30.24843425509164 30.32729116786344 818 30.18741751425373 30.227205688451132 897
30.59297289326418 30.97785310518625 442 31.96337502773113 31.225660219710473 518
31.061669785411105 30.877888257047573 670 30.11512493513222 30.48748910388412 738
31.623040051980997 30.340835615888448 649 30.754244032138942 31.924293804960527 701
30.196137574983062 30.80187904623996 644 31.563572235710847 30.258130191682103 714
30.67831628544566 30.67810643172541 740 31.071678713730552 30.400576958022516 792
31.233454058122337 30.65706078060524 486 30.58655386694038 30.5001171406828 546
30.941159348684756 31.428276489730543 780 30.936682426756416 31.09135376082522 845
31.485592416161847 30.653649404862286 691 31.133363051608214 30.11629497756201 769
30.26692423566633 31.457200422822595 818 30.28354701795574 30.971376792828547 903
30.369125798897056 30.090919776958078 592 30.63821933763534 30.546779227852138 627
30.40136091080938 31.146430279770613 815 31.42030935248153 31.469932892467277 904
30.609037345829822 30.479307995149494 714 31.95917992413697 30.053009692784197 800
30.045243779720074 30.92812279479691 1004 31.116556074761988 30.474025668436024 1057
31.61206953031328 31.143102319098496 959 31.01443899941239 31.043670344215208 1004
30.055135558854325 31.416873755138592 546 31.443030441455807 30.646581795196166 627
30.343882794850582 31.655629927914987 452 30.233285750669836 30.227419672476803 508
31.767303050979606 30.13930961872142 982 31.15609396645257 31.99777428746065 1064
31.766145400410526 31.51865813080622 737 30.581236071306144 30.969176763708152 827
31.975125013403197 30.04955347196903 861 30.17924212629341 30.506070650605334 898
31.44683348834074 30.667805695507273 855 31.821513225054975 30.094071556217262 914
31.816941135586298 31.9451814871523 857 29.9931292696354 30.95526825793537 935
30.987665044745544 31.56931962935814 560 30.438118303409517 30.87549109810763 619
30.55950519681068 30.11357818876717 936 30.2986012327374 31.56915246217379 1021
31.53742608712648 30.21615083498127 425 31.401488249591154 30.399010630974963 491
31.47237931644087 31.51612325167333 555 30.15758778103443 31.005724133774557 615
31.347067883608194 31.00342765326673 1023 31.223651261595116 30.819616841855503 1083
31.80337655110332 30.330406257361222 433 30.51528063965962 30.76738503976142 507
30.555644034300666 31.045604132270004 931 30.406660201672697 30.128923069744452 982
31.820927906610077 30.315130830089643 580 31.840086787606857 30.31526945855695 657
30.23082458349431 30.989123499319657 603 31.204630811763206 30.767757204668815 686
31.632763518029368 30.42958607013919 973 31.007159758824343 30.992584064899795 1021
30.479289621718483 30.690513898699123 808 31.75574757844954 31.940951591077948 878
31.211681908548933 30.140194323103756 603 30.315591346764897 31.136676823374074 647
31.48572923044416 30.738520474305712 833 31.951249302947506 30.882911157015112 914
31.492145953451267 31.404055914633485 527 31.594933962405644 31.18888930482696 584
31.71388218674673 31.109764975477948 459 30.7153515249587 31.718221128978556 506
30.12295722340023 31.31392375389423 809 30.45173216614279 30.797136242106387 880
30.65116734774925 30.98209952887728 675 31.49169867970837 31.49661464109789 753
31.725179431365206 31.06373171442646 693 31.83733522224313 31.663249360435323 770
31.933987158861733 29.973265499404697 769 31.543894436012668 30.680036378089678 848
31.287996020006698 30.111618831717585 803 31.793536939112855 30.45686439727475 861
31.481682175534807 30.415654498292554 414 30.639195261890023 30.197072973366552 467
31.777994793482936 30.148880077317024 414 31.264874641651677 30.709990087897587 498
30.926374582452762 30.202510860820972 843 31.952151594427015 30.00637636576592 883
31.97426592108439 30.01443042736204 935 31.417665177468407 30.117856377149792 989
31.453951993334 30.164743395109127 788 30.54123479950331 30.258272037549542 830
31.28642272147277 31.02456247030878 545 31.493577177067788 31.410026532699007 591
30.620926267836406 30.97359994489723 744 31.695203929713337 31.938860944124883 834
31.175009405985566 31.005226013377424 642 31.619498486976063 31.72478199321342 699
30.9301281372576 30.740380622218286 451 31.344490806838124 31.94738048127794 509
30.10044261200539 30.22361565306642 741 31.77047061542395 30.169537911646927 826
31.171236967348356 31.491655740482997 852 31.706293987876858 30.44974444474689 905
30.342430089425566 31.07963907764326 748 31.386580970989208 30.656238784597015 791
31.27839575049489 30.108686861102733 981 30.230634011849403 31.294358520255997 1027
31.859942472239446 31.874935520798676 557 31.040690333634863 30.588235742520396 627
31.300687829224195 31.64543688548693 664 30.503251481713264 31.05428816643639 736
30.1196129169118 31.337125782217253 442 30.98566237851993 30.16065324089234 503
31.296148607711547 31.22441055927082 658 30.581456858752862 30.788085729464857 705
31.028918751821465 31.027792320146265 480 31.572679063863152 31.51908092717476 554
30.246600950917998 30.69857441306866 703 31.892392296734315 31.688022585372416 759
31.231716057934708 30.75028185998429 551 30.106775521059163 31.883044155180787 583
30.10410051789759 31.495196964763977 533 31.13155741446768 30.148010617973995 568
31.318082145039686 30.632612787612416 584 30.158803686246436 29.98419917097119 655
30.15287684535581 30.873715641596153 731 30.681113741756214 30.409766752681705 799
30.637612435838033 30.199693556280014 576 31.524700761717686 30.67680188712446 662
30.19993410253708 30.852564150866215 670 31.41436391319633 30.452045190568438 737
31.118596264937192 31.098850338463883 515 31.250534784585042 31.710703265637566 585
31.77988724034654 30.485384920677554 610 31.900771083888625 31.2877293534017 682
31.689478892960967 31.092425008965943 459 32.00319858653415 30.848957600716826 494
31.564280352690492 31.168028397959958 624 31.9408761295401 31.060519628305116 654
31.582427476376125 30.64106644820711 677 31.766566733039262 30.305024786005138 739
30.41327249884376 30.157020886430356 752 30.599188832039246 31.188058068099007 794
30.522693611638537 30.5907326341275 793 30.50118318445072 31.04955714602239 870
31.758120237043748 31.90029161870464 591 31.261603772714263 31.73256051407439 632
31.613881664586287 31.533565247647868 789 30.20877731300828 30.688457039105902 861
31.049488093375206 30.365225014171518 734 30.934509072163056 31.57977019225024 798
30.483855500174474 31.16826953504227 684 30.24023229657294 31.017089032675152 733
30.966637143239158 31.542200340891537 583 30.46391887417926 30.745784442180078 647
30.133478524408936 30.27593466206464 896 30.560383246029197 30.128703144648814 966
30.157340664509803 31.368804482727636 910 30.40635036947422 30.04157857433787 943
31.498728603518124 30.863492705160816 801 31.934381170936067 30.43594740916162 856
31.77627618655074 30.058223718029247 590 31.686559483821604 31.03655836454676 634
30.871234074363546 31.802043517186725 480 31.067737498928135 30.16581216661308 528
31.622852549352338 30.696957143244934 586 30.14270159518831 30.58174168101618 616
31.042165676255458 30.11194673277917 471 30.16490930652038 30.980304876997337 541
31.691739092179986 31.900174385643748 807 31.68686889066664 31.612238655935844 845
31.48461516452816 30.137012501157027 882 31.594804388265914 30.225406994224794 971
31.45580574216868 30.96420629574627 663 31.26804920693521 30.068660054183294 711
30.633056814759794 30.134887748099096 960 30.261656630306938 30.23284798740479 995
31.73242797399401 30.692384840536487 538 31.79153363428097 31.135756942038817 605
30.367498570264466 30.303257587464675 560 30.203987636459512 31.97256270120274 594
30.34741349275363 30.08726717473831 681 30.601213261904178 30.959846337588647 740
30.00090678161453 30.79399219588906 592 30.366050662086874 30.05751695111195 622
30.28770174777397 30.988446319476317 582 31.45644774450607 31.658265914304472 642
30.15860267047137 31.645234703643887 458 31.290812415746633 31.633184128327443 500
31.84390630705264 30.394989774848135 449 30.28087811511421 30.14918206582166 521
31.41144169686347 30.482519099512107 678 30.964562528909237 30.708128791142403 727
30.72882841427616 30.361278055963133 599 31.246772866563752 31.907247136842702 679
31.925328664616064 31.217360125710023 913 30.515567232286685 31.081654449409235 989
30.221747608263648 31.415639772256796 431 31.89615820384719 30.32116613075962 517
30.177682796927414 30.145369587909094 474 31.38758333237453 30.63457813613214 523
31.498923291457313 31.245185922162314 574 30.106641809982936 30.029299772866047 609
31.116762916460136 30.45524441227645 817 31.64905558038777 30.04653591435315 875
30.948842925942266 31.491465121986295 816 30.433651221916712 30.87757402266742 865
31.1941399005458 30.374466311521363 730 31.35863026203476 31.622939483895543 797
31.503696884985267 31.23773935238455 590 30.355746451675195 30.158075377158763 663
30.846052209652758 31.79160025959026 708 31.055540005176383 31.110907699024168 798
30.761939318714965 30.5832411800463 743 30.16707673782587 30.63047912518869 773
31.997381158070567 30.869984217180566 967 30.46699709748638 30.125589685497538 1007
31.566503498322408 31.243774259569964 723 31.952380635394917 31.9717783823575 793
31.02039998397457 30.36510458738958 606 31.45020037842222 30.038175280068796 650
30.245824182176808 30.28270900448566 675 31.758782854952297 31.132765807391802 712
31.481623259655766 31.474202242661836 818 30.89393595607583 31.808457617257634 856
31.124550974648677 31.11113896145803 1061 31.30216171336427 30.047081759043575 1136
30.973068287428788 31.452265849184126 691 31.893579382653428 31.805689951441785 746
31.89367331738896 31.813807472589108 900 31.61121551398375 30.23123028843449 947
31.621670404991022 30.22015830674347 1001 30.19632431072976 30.369535356371447 1032
30.376611202544126 30.396695321378356 567 30.275335057077758 31.49930349422603 640
30.195529984466496 30.5390912235222 957 31.58486836009821 30.260210598597432 997
31.81973430767275 30.04626763162555 552 30.616086303147075 30.97844782715123 608
31.17988086116255 31.99196985688989 528 31.20364994348657 30.141578279836413 591
31.18554704983535 31.510476504032027 494 31.592395736755716 30.268956600103568 531
31.87816692247805 30.23909293329522 645 31.625066154058473 31.67324027839347 706
30.83774053470453 31.40040115615334 549 30.1301136454754 30.825622491641848 591
31.612913966793894 30.10762338573083 577 30.726472455542595 31.50289834101321 648
30.767757248585713 31.92716320880052 580 30.488104199400343 31.192435078627128 654
30.05330059026095 30.67694719964871 451 31.168258038654628 30.690138996887153 484
31.938617369795033 31.22148214753169 510 31.89474522836986 30.297996931033648 585
30.49583580253053 31.1388281681619 764 30.59865284842422 31.029418499633227 801
29.994519748783283 30.79602303436214 696 31.92848614267405 30.252957348882926 769
31.812140666106032 31.098354648767923 685 31.865916315421654 31.25361133274185 740
30.43770642567451 30.79917214999357 642 31.729678210510325 31.093317191727586 677
31.337192844459747 31.64469534564721 704 30.904408001279243 31.96304358004947 761
31.739794637493763 31.034029554103896 799 30.040721765231982 30.70794280203946 866
31.621600532771147 31.126746822005526 870 30.214959857345264 30.611801501655986 928
31.563211229367127 30.748839629216864 635 31.81505087948176 30.132101789264812 668
30.43158674025989 30.490785093222108 753 31.471624113084353 30.12498661423224 815
31.824617375421514 31.50471147454675 488 31.775549516621655 31.088903530241176 526
31.84651126550472 30.408848164476183 590 31.727494039313044 31.06683761223826 623
30.115687712573212 30.166891896379948 679 31.006915722390545 31.981040253719556 752
30.986581186327836 31.06835507947418 674 31.5041280803063 31.830710563243958 733
30.201427711716555 30.687152077352025 579 31.604093417860177 30.803675241068433 650
31.40082605908254 30.582763049125806 423 31.770739359867463 31.47441194743862 459
30.504914107877287 30.724153176295378 565 31.820742369883426 30.110478053230935 622
31.270278321387774 31.70100597356197 554 31.84547561129026 31.99452445620173 625
31.145939760582817 30.67444815279396 535 31.173999043405416 31.425329240139344 567
30.13753717556898 30.80704995944368 704 30.190973922404066 31.072562792366465 742
31.322219015585006 30.103406441171792 761 31.507054768813802 31.235432168325396 840
31.413621399359066 30.02921602805528 704 31.35880503643694 30.48721728752616 751
31.84601936659358 30.33413018218624 662 30.952431556195087 31.490390821250976 710
30.273928999025994 30.824965333356918 1066 31.939825097103824 31.356586324979183 1151
30.192196766257894 30.42141770294554 480 31.27074151863226 31.289724600520714 553
31.537818852712796 31.46069596206326 973 30.464929237466976 30.690348724153303 1039
31.952965090188993 30.807372305835393 546 31.31259173089079 31.700656492495135 608
31.167084535791403 31.109545202513672 542 31.360649000193696 31.711427981576204 597
31.136939701626133 31.126243279400896 655 30.52399089766212 30.491530118775803 709
30.153572570469063 30.882588287124012 583 31.55905256538422 30.278126049456528 661
31.207578838422933 30.343924403382534 673 30.09349511253025 30.059267493421995 726
31.26491910450484 30.57905846245293 776 31.96829826655665 31.217577779393157 834
31.810083627636153 31.19236459888208 595 30.0206256317668 30.79521836078648 634
31.125124933219272 30.996732924064816 849 30.674564884153916 31.18013443107917 887
31.389470628643526 30.826918486831655 627 30.761824040386916 31.47060626431491 667
31.057888097995352 31.790399616631376 474 31.8315265468558 30.39135987388289 542
30.532359108264153 30.22023720235134 937 30.778656996987785 31.6249918464597 989
31.578408934341574 30.798846595047678 714 31.625282226139582 31.734344419917672 786
31.576931740769524 30.709634593880097 566 30.99628879879289 31.628562483897433 622
30.3117178546428 31.069386734757998 811 31.588428181318598 31.16254058584087 878
30.083958356627953 31.54234461187666 681 31.176502901507963 32.028254604080075 746
31.014619414923395 31.892963456159343 916 31.22528336983239 31.900375891134836 975
30.498919019021116 31.157129166525575 698 30.49926670292581 30.09493154810187 783
31.81728889363347 30.06201167518019 728 30.095505338166415 31.33857980495493 773
31.78700874025228 31.67288683127104 752 30.94476134128745 30.13617835494435 818
31.905054923480442 31.401505232252163 572 31.319365330161133 31.161866633731673 656
30.700681279513798 30.41154157785848 861 31.61930024550043 31.049687297973133 939
30.896961760304272 30.451849757520716 947 31.09909097005631 30.493249969829016 978
30.917750603656685 30.377016515854393 685 31.699677908275902 30.11959907626933 726
30.395113511007793 30.081932686312182 999 31.65686248746174 30.685793825622373 1079
30.672902153414537 31.0081102670796 452 31.792737813165758 30.1362416424863 520
30.290108047599617 30.751647537968374 525 31.91868678374722 30.08614866466327 565
31.585804036497763 30.07727724287469 694 30.391777924013258 31.557063665869777 758
31.6196686094833 30.427721444622243 706 31.50754854706677 31.89983667353477 740
31.685140122649265 31.970688720530873 488 31.950518528421828 31.707436015160827 557
31.444819847396925 31.268172404126112 442 31.85182856910491 31.244675144251424 490
30.918813039447116 30.12787634631603 537 30.711932008846713 31.18244289287514 618
30.014031713064778 30.39466713703937 739 30.570721433962543 31.221378232855773 806
31.32311553854866 30.643440187643787 869 30.338382856633917 30.059867195032556 952
30.135188854637743 30.82849102076662 726 31.42268942644287 30.086584724220632 777
31.517538371962708 31.862503735975267 797 31.42980444146287 30.101783290146034 828
31.394154738603063 30.04128072996215 837 31.725035977993553 30.47930879205939 874
31.107396170993105 30.146051230595646 679 31.220256978469443 30.120944488574764 744
31.626973674164166 30.22750671815441 778 30.150485893756052 31.603160336576362 859
31.08620465986872 30.92353472288514 568 30.022615528227437 30.793103007776196 646
31.906229455949457 31.21789147588921 440 30.17792711204551 31.38374971663479 470
31.851234857472033 31.47526546590287 520 31.311946193169526 31.254546583873868 597
30.585759322124648 30.281045051018257 590 31.93221975117436 31.238671281367846 644
31.308371775121977 30.266684602265492 797 30.561336755631164 30.277233199200904 869
31.59801909658243 31.21924080115691 581 30.35177806422532 31.011516852434717 621
31.330348404626474 30.25771084163883 531 30.685121566444213 31.110585753991415 579
30.936218784056337 31.42172048884555 939 31.93007796551945 31.985313487053002 970
31.596266763444987 30.391678972127412 527 31.566678199744736 31.533104112452506 583
31.468126010678223 30.14102603861783 827 30.985196164073805 31.888932025824058 858
31.431640430960755 31.196954244807692 897 30.006057964092186 31.23191599977536 959
31.919260545816456 31.690939105260533 625 30.63730718042795 30.929604366065345 679
31.6368198926215 31.692774246273764 986 30.577503112927165 30.273385423561926 1041
30.33405760069879 30.278999016897135 983 30.73617024070115 30.39092493171046 1062
31.047995589626833 30.126196359650365 736 30.10083812387864 31.863287103608275 782
30.506086527384028 30.215986504353562 526 31.01934612551951 30.286402659312298 593
30.556759375205566 30.442324798108437 484 31.47755815308936 31.570758023210974 541
31.81857843696128 31.33349285654577 936 31.63287816148001 30.48914272628027 998
30.602499752654495 31.16402753016728 853 31.5534068673209 31.476686978704645 906
30.05359934153927 30.71845001250443 622 31.49488128478466 31.903080175783927 655
30.242297013818135 30.188783107929062 809 31.22069993798289 30.502036809339938 898
31.582819556626475 31.188930977811275 522 30.173350934402116 30.990249845374603 609
30.404701388873264 30.78535560055966 943 31.84669041746807 31.454355400911208 981
30.48140591992337 30.06071553659159 849 31.63122637999977 30.4271237914654 933
30.157360845513413 30.014156022275376 618 30.120770736489195 30.87099355735692 679
30.66899976209167 31.19020596549821 796 30.23864804951752 31.61714289277745 836
31.28518893339192 31.153479998880265 836 30.365670074673698 30.72741934401603 884
31.757002876790708 30.154142893491887 546 31.332886424298366 31.222351096534773 632
30.53833552070725 30.980009306657145 851 30.40900130011049 31.529212960449502 889
30.180011834448923 31.656337431284918 516 31.16763053918518 30.056457808042246 601
30.869879236663213 32.03151458111239 614 31.091863446944295 30.119989313816284 656
30.84370316891178 31.464628547334392 883 30.685224249147737 31.08815095023817 931
30.989460114853962 31.548532264398787 965 30.382967780363042 30.41649598533416 1044
31.096288386542227 30.448573926866253 619 31.84578726478362 31.223640822643375 705
31.771389391756962 31.443747339580614 575 31.842393114979732 31.894471105596033 628
31.425613798325767 30.21946624816847 740 31.029498484795536 30.358838306049556 796
31.68366630997415 30.4502045893196 667 30.919959611807606 31.45795916077057 749
30.63637589274983 31.15578227066153 577 31.61496428892501 31.645043557161216 630
31.14158635653011 31.124612295211833 894 31.339025598212363 30.83837366691582 979
31.03622141578495 31.90700174411199 891 31.436422393469776 30.328505973401665 930
31.801583627103426 31.287514103456708 615 31.31373144756461 30.62171264251953 696
30.69721129634636 31.751831303690828 857 31.730461261252344 31.032563769518866 920
31.45029198949551 30.698460252114234 808 30.988208524363614 31.105367312432964 865
31.34942286783136 31.705271127238156 850 30.929796042774097 30.056454616939398 901
30.584933496045238 30.9787567399183 765 31.49021832083103 30.396124114337162 797
31.49123879257682 31.463587869018422 894 30.188346479428684 31.466120666001572 945
31.307956043597247 30.078006576137557 941 31.282113105074917 30.126360127787454 971
31.36622265867741 30.8986348245337 645 31.80626114149545 30.04558698330258 688
30.730503985652756 31.186529591452036 582 31.42012689279215 31.50475735857089 670
31.518671721273368 31.434453534359236 721 31.406071985378798 31.950998457939495 771
30.45015793122407 31.0442004385271 1055 30.031914938708876 31.466433410950746 1110
31.649315250572403 31.104887736522848 993 30.260813456067307 31.599793561083736 1030
31.32217272116164 31.212961567383978 716 31.089813465049364 30.382835544563783 755
31.825818322064737 30.110316838587472 455 30.52375210317812 30.73759373388466 495
31.83729220911886 30.151274790624843 565 31.070358647004632 30.347977355082058 605
30.945512233476546 30.137526188120372 875 31.219841902455276 30.149147190843426 915
31.671959345213477 31.96088108205338 928 31.456138867923773 31.72459919823849 999
31.170423874456198 30.364019412147467 898 31.35367430183209 31.73693169841268 929
31.70294632989224 31.29735951520635 463 31.286244826067186 30.053054544400574 497
31.661578913029025 31.05532659045778 598 30.898276562261422 30.689309187933866 680
30.953183202272566 31.037754722488824 437 30.211613926441125 30.864640996463578 512
30.740124594036093 31.484987921360073 725 31.139094003558405 31.829955536380908 756
31.69745072478058 31.34308475439121 834 31.558375358805296 30.266221560081522 924
31.838384404442152 30.267647687271186 958 31.830841461701766 31.099719749249864 1047
31.910318698914676 31.953586478445185 667 31.20489039789289 30.151926965073965 752
30.56361722411161 30.116290646327567 526 30.197430834417197 30.87834979010689 606
30.03670762636867 30.99219854623624 499 31.084659642132397 30.884469993001744 581
31.270284771894392 31.25130361053998 665 30.218743754996954 31.58502501561096 747
30.629729276214615 31.51979122200843 631 30.386241511453935 30.1206594270778 686
30.28635905410903 31.085007668033587 692 31.344092566784155 31.191981314207332 774
31.33801016592766 31.27204233817134 614 30.590925935263474 30.972198481545746 703
30.926918159371155 30.692136546234195 797 31.70738887143703 31.56737123366335 840
30.4827795264932 31.121319266128133 958 31.337290433537238 31.67186624419095 1031
31.889352475923218 31.903355523847246 677 31.66405243207059 31.666802231764656 743
30.52570898816499 31.212659903166127 484 31.22335609761827 30.43135230400852 560
31.764024337908253 31.294633584483513 590 31.37665635661354 30.86393296172606 678
30.888274576922356 31.873326497211288 690 30.18791949843765 31.43086821339171 735
31.19138334276589 31.339540369793948 482 30.748094015250736 31.182799878160644 528
31.891838454486862 31.964573576022268 689 30.49480068081513 30.89585343888049 731
30.481425504507907 30.910516210855757 673 31.041668146395494 30.460078292360475 760
31.96818351613018 31.75874991393783 490 31.02559158401513 30.896505688088236 524
30.44006205253851 31.669526074340975 988 30.86359106321182 31.988218242511525 1020
30.50623606749209 31.07274148077346 938 31.642312133814407 30.391777352145233 972
30.797394625888334 31.680851901684505 778 31.349355117834467 31.193387150237815 854
31.527546765397968 30.26004520613121 1022 30.88707930747502 31.38165139258087 1085
31.117344454538696 31.130733906881968 812 31.28785010211395 30.55041001122172 864
31.232791197292386 31.903449407068944 838 31.328362394662168 31.950407006604603 902
31.86586979042514 31.806861400023354 812 30.1339700236963 30.45293181548961 889
31.43720263076833 31.245301545164704 928 31.662087336450632 30.32934481936749 973
30.853471708438608 31.622388015137105 788 30.133357632517523 30.44857265967173 827
31.4338590589159 30.43949377812845 850 30.561764484649885 30.19855421896261 906
31.58888524505865 31.299466250153845 894 31.87375084152565 31.511813885953096 956
31.904442601341383 31.75386056395244 644 31.172500869040302 30.426632334054226 677
31.254998289036205 30.46767367940382 630 30.098098175505356 30.339764081932604 676
31.26011040622086 31.732627083692023 571 30.22895930531257 31.62925731006093 610
31.289303578211868 31.67959482489302 560 31.03080827173814 30.886112940571035 617
31.32420064728781 31.673162889226504 544 31.50704813819863 30.24552025858092 599
30.269730546813914 31.636617883329794 890 31.49725185913555 31.512510111704454 923
30.91686637250424 30.669454629380606 733 30.422987346871185 31.45501200355429 799
31.2301567062617 31.932504814106164 589 30.131504046628294 30.81593281100916 637
30.265603078167633 31.51170807136835 703 30.679799740628674 30.98222227103833 773
31.309180418197727 31.127319358380426 853 30.28893195851653 31.143924366894538 885
30.787016242755932 30.847358029203736 668 30.33069916316124 31.410074304931115 758
30.892309053738007 30.4375221603608 458 30.729581297780843 31.95614926123118 510
30.558338424133833 31.09161308541718 842 31.24199498411856 30.05038984702975 879
31.510299418881292 30.15484054347355 572 30.801325957861547 31.63734716215121 657
31.67561323614598 30.106914564157947 476 30.671089803425676 31.532124252167662 532
30.708587290244935 31.197182598801824 577 31.3737324200334 30.013017267036428 659
31.284739535506993 31.727073551568264 685 30.892328145086296 30.075006018514536 743
30.385711371430393 30.126650934100365 715 30.22834782357675 30.16941676264669 763
31.865308626799592 31.297428316547478 713 30.31157485156535 30.124734052293082 744
31.879707767437637 30.288108252811334 667 30.16295627123656 31.47713274914533 745
30.58181491147302 30.783926152230617 557 30.00734519604708 30.80140339097458 627
31.00078512501698 30.15533775105932 1050 30.08615015225628 30.918868591374782 1112
31.32926682517497 30.260621617024857 555 30.705540633866384 31.158649640549445 612
31.7428181676742 30.481820305688498 610 30.423139775709807 30.468261649196464 688
30.562875948956005 30.312289718477157 807 31.55742054549438 31.181595988721423 858
31.815593443866838 31.16126368926585 962 31.88363369305114 31.60711752685992 1003
30.46525124956255 30.66619460985449 506 30.652527023848272 31.46604827420825 570
30.07298001115894 30.888151641976023 430 30.14256405988775 30.449122922389265 476
31.489710297441487 30.109411248510643 712 31.203964236804765 31.55228215346846 790
30.14137751007909 30.974985877508125 669 31.548316888366287 31.49013461284846 717
31.196977944792202 31.828515484377615 448 30.57363686344201 30.171091896542364 511
30.25746206769598 31.053031137557806 745 31.644829922578538 31.307183976192505 817
31.45634711458777 30.370123004015518 619 31.56141748949597 31.43233699145311 659
31.04350150939715 31.625579117843397 687 31.883599915229937 30.313575202482383 744
31.893589633549656 31.68745055596755 1005 31.78738044231834 30.117305918411198 1092
30.415849323225494 30.105937099162183 821 31.492438561265455 30.680035926575698 862
31.755257573716637 30.157062157818757 661 30.834336693540713 31.696812907313845 717
30.368626290669006 31.06852951813615 698 30.61284829210591 31.074397192325918 777
30.09911481967554 30.79685233123634 592 30.458997535301616 31.0777390960806 629
31.40798615272576 30.075417533319666 534 31.871249895569434 30.24800215366918 605
30.202483655040027 31.31998293524802 526 31.948704730212715 32.00257851720867 606
31.093317842823364 30.45390846864037 930 31.025419966463847 31.633254758460698 1019
30.64548529492657 31.011254831524127 584 30.49173880732444 31.165900027028403 616
30.98859828536504 30.18824870907421 573 30.56145699894154 30.510097075135093 645
30.575478050758058 31.589325194132037 598 30.870563873904167 30.43022117725214 631
31.87960537572467 31.2621430119521 756 30.426801883838003 30.33545303122749 797
30.407649956927177 30.4941243540896 546 30.586838317972177 30.591393745973228 619
30.63697118657324 31.174718385724706 637 30.229071129349045 30.985494303080465 694
30.59550671286268 30.58480596326712 697 31.708238183991526 31.2835610405598 772
30.20236783159631 30.65357939706647 930 31.324926989491406 31.058072390018832 973
31.36672252895793 30.611233877645507 862 30.654135648080793 30.952162707992116 897
30.619606794465575 31.115992097595512 501 30.092094072832378 30.034579502203684 562
30.347989267747472 31.49081109965074 850 30.45093230246846 31.11339506078599 907
31.410580085104666 31.91886114136898 494 31.454904684158183 30.350612965867512 568
31.01875776975834 31.05328368525394 592 30.133966801738264 30.805814049562446 628
31.233694703447043 31.953145797088197 819 31.173051578767577 31.857870312061436 855
31.71269868959555 29.987971378637607 677 30.93331075871426 30.446977677601474 719
31.43731314678529 30.975308024970648 608 30.212910613853605 31.66799458932323 677
30.849073213775124 31.994039729641052 520 31.541231289763427 31.15212428035589 556
31.80154667983569 31.146447859261183 558 31.555926514122707 30.22102741772321 625
30.181889640641224 31.62800598719951 636 30.457609990065812 30.80565182950439 694
30.691463626105364 31.176903170075008 820 30.983891787139566 31.495280113470827 887
30.69781942161653 31.676160917033872 574 30.23995560955392 30.28264032313554 614
31.185746687070615 31.966386935218036 789 31.78212464207589 30.88589986480435 820
30.877227036755713 30.14530427489258 749 31.201827135192126 31.981467883711023 833
30.777336041423307 31.68428239162213 561 30.46419884151546 30.905631312325504 638
31.719594002515265 30.725029622035002 499 31.35571880185052 30.674902633097634 557
31.44756335951131 30.133952802514575 835 30.611674304947485 30.191015900065338 882
30.270752586328072 31.017480607265554 552 30.680212264901055 30.297857770412865 639
31.539677187564976 30.3627449347153 1073 31.805997627284615 30.127320410819426 1157
30.16799911973036 30.05098618532621 710 31.49004511355462 30.685090789463317 751
31.727914227152453 31.663435228563195 545 31.68068673508931 31.495289554015304 597
31.35504921569878 30.549573179069444 478 31.07043326847149 30.390424254942342 549
31.614006967176323 31.490041831216757 652 31.431486067557312 30.825648690823066 736
31.235695364861265 30.90162307575251 451 30.138267967388334 30.073554188893493 524
31.5604498458868 31.722233263729784 834 30.638743311917114 31.12064032351102 886
30.190844565866367 31.951103820067956 636 31.42057360123418 30.199911214394124 689
30.636248702633132 30.93265778735167 836 30.96912216728128 31.573636118221728 903
31.12660711939792 30.186828309345305 824 30.021460353461304 31.37696227858858 911
31.42600423457699 30.035274919124564 727 30.181865466816863 30.387985724057607 787
31.141794996786924 31.97609546679262 895 31.053463238993764 30.878236712053486 937
31.782028387070984 31.525824768718017 802 30.401156798790822 30.805010258166543 860
31.140226740982147 30.112487928486026 714 31.714266797741228 31.88077322115256 755
30.201382770762912 30.824818295725144 679 30.03767926271395 30.395153996773374 762
30.758323174643216 31.149763647906617 517 31.876087421021687 31.81572540693133 575
31.84775903718101 31.55080661011419 1059 30.716241165873292 31.35692782044047 1100
30.74940380188274 31.924052661499136 660 29.992050970916544 30.94778409456059 714
29.988888886717444 30.906402840053016 570 31.273972380216936 31.93429056195802 635
30.44030979782893 30.846166729084857 923 30.580845541420242 30.512790677138543 1007
30.15519740800476 30.06812509322455 613 30.30839299606484 30.174261009492447 680
30.94889333563017 31.061813328426666 827 30.167134068569187 30.183130082282045 877
30.079776729629618 31.236260649665315 678 31.71773875698428 31.123468950979486 743
31.672109512726177 31.023254097955597 747 31.880711332224138 31.904840544392414 809
30.17805458081281 30.17206133813871 488 30.03000103690929 30.872263922426594 540
31.953529688826183 31.343993136514985 805 31.592632715953727 31.108438607373422 846
31.44290949302488 30.45209977395549 590 31.34059596991948 31.696204674631776 638
30.50723705512237 30.802706052781296 445 31.475172565638477 31.394248367021937 477
30.50891778849744 31.698832678666037 901 30.681938356928253 30.337198070893542 961
31.02392880112269 30.28905537623446 777 31.26871923611939 31.47813604802928 854
30.310668388027267 31.05764048917566 942 30.184533229469924 30.840499178398524 1004
30.196772939598446 31.510789912099305 496 30.42677591870056 30.09698130607279 554
31.381313288434843 30.832752428429252 731 31.45485748380162 30.779407250447797 763
30.5968486605507 30.999250866022287 804 30.8799380741399 30.418734310570848 851
30.323411208700414 30.377073555456338 916 30.239751866791085 31.635762807200866 997
30.570851410300442 30.24784120239297 887 30.475713537129185 30.450710197363197 933
30.157285120292418 30.4426178130765 959 30.622149128517137 31.00691561180324 1032
30.205524503827444 30.00098538930798 590 30.78355661021942 30.603254450119234 675
30.700229406568297 31.11258490658267 541 31.803705664987692 31.92830533000928 626
31.28422369084276 31.891339439200657 690 31.43429698245998 31.458144901984774 752
30.19199271705058 30.58891907667024 686 31.9596337822228 31.31345632197396 742
31.634860576309666 30.386849410978495 640 30.42005989103136 31.068365566952835 713
31.057378990627832 31.663163004657793 664 30.442995477823214 30.112914353701033 752
31.597500574883593 31.471636650533206 441 31.35752755592434 29.999415693781344 475
30.466904539478218 30.075901322662595 702 30.406852753450828 30.71411564497042 753
31.85380583890466 31.965756864530075 727 30.4909002575644 30.080707706295254 809
31.488522379008412 31.416619789334494 650 30.446739038246797 30.74795568137415 696
31.393161128354315 30.862335902091157 839 30.586011755536777 31.154471803592514 890
31.89652747659752 30.28808531649979 810 30.226596872322574 31.30461421691137 851
30.262936736449223 30.224702360834566 573 31.43779991654455 30.814294314599284 649
31.325660789244303 31.9516970219089 717 30.3298691160586 30.85618676112666 775
30.36696303822284 30.215606964875604 566 30.031238396457542 31.548868901896324 622
31.106830680244272 31.429240509329524 674 30.55866683322802 30.504262389557216 726
31.618582917436555 31.705250543768848 758 30.626291899062327 30.177943195884577 809
30.130005736989045 31.84770568424051 635 31.403784695972224 30.82644759158301 684
31.420188734243528 31.51760316165331 723 31.71283910530004 31.181795085001458 810
31.679256067201276 31.40948327761483 1024 31.773216966225487 30.71630385895903 1112
30.477445108995603 30.075818118928478 520 31.204236900420117 30.692755536178268 593
30.195982718400213 32.014040546632984 654 31.3113918146252 30.205648195616863 697
30.59798643313645 30.26250935409703 890 30.11682952973122 30.242676198789148 926
31.82884572008861 31.280674233152613 546 30.224864839485576 30.81577699391118 614
31.605036412232568 31.63548389988219 438 31.704715557931973 31.61579033032182 494
30.624625593199802 31.058005227839196 442 31.120284048898153 31.1036263944898 473
31.563400971163446 31.119147830264588 712 31.826230703295632 30.28264065415794 772
30.954658513739123 31.119213036346373 488 30.881877725827675 31.978887838017297 518
31.833398333540035 31.58252230879654 1018 31.753967484078906 31.921908333963685 1090
30.028251614156897 30.3744809418246 798 30.234467350131734 31.605654019367083 882
31.905248695693228 30.047512380990383 785 31.894665189033244 31.315084190447553 843
31.93520682324977 31.9444841214563 582 30.128776062120178 29.99900499440921 654
31.480595694438474 31.82888233094502 801 31.765680112696664 30.463451332044517 842
31.552385061322504 30.67716310636223 720 31.177168209897935 31.83677543482709 752
30.008382249735313 31.242227244087708 571 31.523187347223548 30.902625009339864 603
31.932679901292982 30.81964022665227 620 31.825448506102987 31.90929532697696 670
31.284455646918904 30.541426958808156 589 31.046539145332645 30.175609062466698 666
30.328197946990848 31.60791427875128 1090 30.628518807583543 31.106610411760222 1161
31.811166433366672 31.52794170950654 563 31.49829323740095 30.1129930334426 630
30.479765859601535 30.785946075372877 746 31.287065660711693 30.97108905104303 804
31.75943846276855 31.466064330121533 692 31.248565312959787 31.953825587848716 780
31.009054499605565 30.996355091984224 488 31.268941260551028 30.001317346802736 556
30.467194047402497 30.140589361256716 454 30.11889180056938 30.004491953054583 514
30.29102316649179 31.061028222558893 741 31.56701654912121 31.30024784439155 828
29.971370106944534 30.82386609038781 695 31.47446482303145 31.466754368654307 778
31.441648011564386 30.967014595927754 876 31.585306557891347 30.633144242773763 946
31.57630731267069 31.735967925571302 615 30.301352731367263 30.13853801250649 693
31.392949347892397 30.395104045672756 448 31.84815220985673 31.445099518169297 507
30.265066873014323 31.561062866034177 588 30.943697225498425 30.1503666595015 658
31.11086505077813 30.902609739712286 635 30.214147564939466 31.386151849055068 681
31.782652424635923 31.109145982691608 802 30.641907493542863 31.526008406090487 871
30.134376918786145 30.027758824189974 880 30.31750716150155 30.743585668498152 919
30.448949894187766 31.10076191564124 680 30.984257087957413 30.97597061183744 766
30.534630280695726 30.3064695539416 456 30.257944115277017 31.00242042056892 527
31.240136095797954 31.88700043186074 737 30.143688120216027 31.268096386572143 777
31.776308027858896 31.336428003285814 574 31.69493715610884 31.68727065016402 620
30.152779938225443 31.04974545742182 673 30.5508924052627 30.347313785174773 747
30.124255467904486 30.4018047903134 538 30.700188438718307 31.96822550020451 597
31.85624078598922 31.944043685700816 1037 31.90172467849739 31.79518731402798 1087
30.70772767015857 30.341049047484454 517 31.868182119630234 31.960749505513675 563
31.235498220466994 30.11371907089852 802 30.923112017074956 31.55608088003065 879
30.37568971232846 30.75491784298644 914 31.596684934820882 31.39794058087419 967
31.526020189082864 30.23015455532988 677 31.713026497636555 30.409053343892424 726
31.739254397584748 31.20309121771614 446 31.18319860966133 30.839982435538282 496
30.457892927767663 30.77460715766853 749 31.82354990785478 31.94214826544956 804
30.66016082676927 31.15699595109293 680 31.27392564770103 30.138624041660623 727
30.95681976387853 30.133424574525986 579 31.061670819597502 30.173720464119654 614
30.160186529524786 31.322415547536224 509 30.99420774288941 31.77560835354331 599
31.91336785839559 31.252611926432046 588 31.800545284597206 31.510724675145315 625
31.35148063068369 31.67684383598253 615 30.892009482385397 30.15122183156504 694
31.20461937333939 31.820347518387216 913 31.173546176402148 31.152599322636643 991
31.039069397847168 32.0131155331499 644 31.940251734575973 31.278703273822455 683
31.609702073460046 31.712702303346713 884 30.944616811653198 30.117415907730884 970
31.05867412552409 31.075298314725316 850 31.79284086281127 31.138079557452112 909
30.874062460441362 31.302593002392474 599 31.906705054500165 31.047797511950215 642
30.953284678784353 31.114257302218416 925 31.730519192641033 31.3796148380326 1013
31.038864575373296 30.51204416089675 902 30.954704275152388 31.036438147283345 932
30.20548419874022 30.61468590807764 692 31.71811123280758 31.3355509090195 776
30.388042977447935 30.152237816439712 724 31.64946014033597 31.05965286154185 814
30.535907019078888 30.77054892936159 699 31.27471229994129 30.776404658966367 749
31.37354991919395 31.65100206217808 473 30.02288270262187 30.78776050928847 526
31.030487637526686 30.959909790025556 992 31.57917538593169 30.737619563756873 1055
31.212774346079215 30.841211957103354 807 31.0204276096927 31.576660816114103 865
31.090930715994563 30.41758992956363 762 30.192114730146706 31.565246706988027 819
30.56592231171673 30.58435818788215 671 30.26483964731923 31.391607088380656 704
30.3264910223033 31.59487008747382 472 30.137910734777318 30.031880291382596 557
30.918008608205092 30.444232709744156 544 30.974979157956696 31.646413976448446 609
30.602483232112334 31.130627347034917 950 30.59915840207729 30.1807603678299 1029
30.468402106516905 30.752423941731614 473 31.84254458485407 31.5574545875305 508
30.159793629098363 31.659036349288243 913 31.563029676873715 30.25576035740475 963
30.155888945764044 30.603752469853163 831 30.19889850435598 30.900566720178354 917
31.17123968172374 31.017910629106737 487 30.90255830528957 30.089122560068816 541
31.07119381412945 30.15441256948365 951 31.0728190212796 30.141019320532113 1026
30.738556728290714 31.44645508561585 594 30.876381004477178 31.76218962462373 654
31.455465581467998 31.543670061874025 985 30.972462536883796 30.97401181304881 1073
30.10192333757471 31.863402006088407 833 30.422053173630744 31.735488459015492 888
30.73585682876713 30.378351102341533 485 30.645958235493918 31.00454056804311 561
30.72086113076829 31.152191004855734 693 30.206995773830943 31.027265487067638 756
31.53035187180993 30.27896034009156 464 30.34066641343516 30.045886622410418 524
30.56155508686157 30.130303574665955 543 31.16379598986644 30.973330691703666 574
30.224596976071904 30.38664979780533 442 30.71371215712885 31.21402112822573 518
31.2282893277839 30.319775588715448 727 31.179051191732093 31.854162298107916 778
31.260382340785046 31.895250709994716 848 30.59891232231472 30.982653037515178 885
31.63453623076654 31.667279830414273 444 30.164495796618425 30.669708095493714 526
30.645918203515482 30.294660049440786 704 31.131858662504584 30.967401129808763 792
31.144344605143118 31.556794402950977 437 30.17511924397761 31.38978881490218 520
31.005714897864635 30.295970083637936 455 30.5574112709848 30.785149204183618 494
31.206855401260746 30.0455478793952 620 30.70644650223173 31.69052776700497 679
30.06599476734108 31.83497275250224 644 30.143737288649692 30.2413614464543 679
31.440287021907984 31.50125072427965 604 30.7687682644347 32.00729562788191 658
30.692713249729348 31.68493245397214 666 31.04927652375994 30.369447492627504 711
30.07907825684267 30.075548267217826 665 31.935511411334993 30.283478742153097 721
30.522357117004766 30.562704765780353 552 31.342014268604398 30.901702314169555 593
31.904709781407593 31.268495928717346 800 30.36253096759987 30.389460071259332 864
30.48610070688321 31.169920120916593 722 30.263742488192 30.28770108089994 756
31.433693175629998 30.18509051220008 700 31.718590242072302 31.297757968015787 743
31.73097042207006 31.35541825637369 714 31.67216456173344 31.061394740793617 777
31.431882898947002 31.486868488707493 974 31.79458703387933 30.145436957913574 1015
31.033945175738616 30.3066817807103 659 30.08707215421804 30.869799567268284 716
30.928859318033684 30.66012949183422 513 30.85700610583329 32.01731908690568 552
30.808122699813158 31.98293626618699 460 31.320695513358356 30.612609744592977 514
31.033755631345986 31.79946377757719 654 31.868573309498707 31.711574280031893 685
31.61353410127807 30.467089798018776 525 30.510513572740344 31.117189597896083 601
31.858645030619154 30.137667179663822 578 30.935977323122636 31.41119821751557 624
31.029736057223623 31.521941677716793 524 31.411670275561388 30.496166422010784 611
31.34975085583554 30.272492788931924 753 30.44261920152587 30.304097494026514 809
31.743186930340997 31.93603394153825 544 30.17382875260704 29.982413508938087 590
30.466319665526207 30.075429733843638 479 32.00018680378562 30.87721713588852 566
30.66591342235677 30.98022293328603 621 31.037687500066717 30.304761410938415 675
31.255288517596576 30.49179102239779 966 30.51516752449284 30.20156368175299 1048
30.874248312547824 30.075511768235042 1040 30.514953543095583 30.609433884405192 1122
30.955661774544875 31.11864544245756 708 31.336622754902493 31.680428215622424 792
30.043986548083957 30.39487873567433 440 31.061094557204125 31.08435707195893 528
30.282096190275812 31.47342848786841 783 31.00425850159965 31.85578080820094 832
30.29093606021123 31.411994514263785 629 30.596976639950118 31.010540707810627 670
31.874347982938485 31.838775704221497 805 31.045698145727236 30.34889243013742 872
31.116243545956472 31.14229034499171 751 31.943189814800103 31.808853833974467 831
31.90394971489819 31.062194209071222 696 31.494249479843827 30.08952862321155 727
30.76813339339322 30.843394769245585 493 30.022273587769305 30.671981954935017 560
30.170909484054068 30.44031981222549 879 31.3001969677233 30.323166484894784 926
31.016821405336813 30.518493173547874 771 31.164499732571823 31.120872628155798 853
30.20148570768137 31.612997909263214 802 31.420757104911864 30.635953112809606 884
30.96159367623759 31.615077866199528 852 30.244391562178635 30.251295970676743 928
31.65268118946696 30.696558453087196 498 30.206560676546662 31.42663643426103 559
31.239186543307525 30.573564262935264 926 30.512276236317398 30.49662726526994 993
30.426518468873326 30.354062014355836 859 30.857398969593063 31.99330843202656 943
31.453465527173428 31.670389455323384 757 30.44181259409551 31.737161645217295 847
31.33294982818262 30.526732050434866 568 31.116145711601018 31.42405143940042 608
30.73995960164562 30.446779245506047 557 31.214496692433574 30.193659657002655 638
31.62720026697467 30.45112181147755 576 30.549788211140527 31.18542475143046 636
31.788847798998525 31.519461087955555 613 31.09305236187508 30.457830960380093 702
31.66441667842517 31.066140353926855 842 31.572247346798857 31.163584116563825 891
31.90627446220665 30.073210672130703 630 30.672621004317286 31.761873331663438 707
31.208574533259526 31.879462556758543 439 31.65256460852541 30.370171545186846 479
31.682074454874854 31.683854130152046 699 31.43102166532359 30.90116209816427 770
31.83282505603306 30.082050382361064 689 30.4793065397398 31.1508231489662 751
30.519890187048997 31.081788196804748 666 30.64771767039574 30.520167757003733 743
30.89970178805298 30.39551988429541 789 31.180033837288494 31.545469225047785 845
31.525275235832282 31.446419391394745 437 31.442734784782456 31.544794490016923 499
31.91813883130718 31.24966688333111 735 30.98328186277629 31.846671208043283 801
30.895837787921405 30.085309276762693 602 30.673589091788187 30.598415016358043 684
31.29222553584206 31.694047183275625 643 30.986488707748908 30.575096661861988 707
30.828775784335384 31.96870204729858 710 31.182737266290975 31.096064385096955 760
31.463413669686997 31.51892454158726 830 31.735722767561963 31.228070488049756 902
31.273256044719492 30.197244148305835 783 31.129343054814843 31.179984237507462 840
31.28696763091849 30.043524582575184 554 30.13210345386021 30.64814889280253 633
30.498799293821374 30.10474443833208 464 31.70127846959285 31.341823057273043 524
30.682497965724085 31.095628442985973 469 31.76512540084121 31.220812484119563 549
30.64447123007744 31.491596454174747 718 31.61713322739604 31.293364253125738 769
31.103682630733427 30.95235174493495 859 31.667364677488493 30.326810826456317 890
31.30584640789647 31.5520805213341 528 31.498434727301905 30.904941725298354 601
31.355432849546194 31.62300336074894 1083 31.69844729597058 31.076017053349844 1133
30.142204019061698 30.263177116143854 502 30.87272807475148 31.247380797059275 537
31.724517965025186 30.883566509201366 435 30.450735819648564 30.0820536077567 468
30.323760248444383 31.56588479895914 940 30.73252045642241 31.13393600508819 1012
31.194342746696663 30.646796386944384 647 31.176534998745318 32.02257742621146 736
31.77400979331967 30.26577465817869 721 30.20582704311735 31.383545301704036 808
30.89912165470862 31.979219380411696 826 31.40385828472785 30.455607228199675 865
30.632235791077868 31.079860044820897 736 31.147810185212613 30.867152627864076 796
31.698660861862837 31.523202793099255 903 31.0093606530668 31.486809264534795 984
30.12987699656457 29.982992574260752 642 30.31699332808571 31.111976633847174 672
31.70705706117376 31.350166613336988 587 31.631509782702413 30.079916041381885 637
30.358623898371118 30.024698490029582 554 31.640610829028386 30.344849763616814 589
31.36566178614481 31.186431047837374 701 31.65984280487958 31.087819429391313 748
30.138904657606812 30.052130131570244 712 30.780524957097587 30.592554467287854 774
30.711918156871707 30.633588827047568 833 30.814940774614954 31.992886833146994 868
30.881929763494387 30.131747136288695 769 31.17063144909649 30.336435174986462 842
31.538277079020048 30.868573852649924 665 30.223679058687118 31.703423432177487 727
31.583560146413216 30.671130970102272 902 31.89267011025653 31.68857133919747 948
30.686747417333496 31.92572814595549 753 31.405359563691 30.610362704945853 803
30.673194656805357 31.689234892830346 746 31.18147568774847 31.494861155170906 801
30.537228599029817 30.349575275636244 762 31.258904649822163 30.63572995424418 822
30.290594386649797 31.350029107303513 457 30.4028859401317 30.508342968543744 493
31.292193468383083 31.240157067379187 613 31.15794780897009 31.1473256447906 700
30.71039759569248 31.114944002437177 623 31.617843755317946 31.279624959119186 668
30.21084203223642 31.47666166728841 797 31.53346574512148 31.47391994152142 869
30.19558517970885 30.87459989948904 572 30.79021593484292 31.21585741899637 641
31.153347937202 30.83594358014896 564 30.321427156168415 30.717295722440433 649
30.174468299323987 30.58643153989886 992 31.481479090383058 31.266803853575368 1082
30.21525801975979 31.56609825750269 662 30.852942915689095 30.495896094048234 721
30.223170026070427 31.937351940210473 571 30.808706587220332 30.847658870179064 605
30.4671987211461 30.429662937446242 439 31.110148780368565 30.405320324950434 522
31.030879101890125 30.426368086015895 543 30.25975149043317 31.703823269298788 577
31.62108919100099 31.623552429771237 419 30.313244228452575 31.129963642466198 494
31.075941083823594 30.466544061128246 574 30.897896777282465 31.82756168628495 636
31.62409565765768 31.223696061021723 869 31.91856318805472 31.373553552057324 954
31.417729024339884 31.55930058996502 446 31.847228726016716 30.08064332477863 491
31.79517650470465 30.07937429852847 740 31.541738440819227 31.707560624344804 827
31.177662582846175 32.02398690224483 802 30.356789158590185 30.142466596833437 839
31.038730708272233 30.43979846232569 811 31.101714895675144 30.477624166475866 878
30.56103960101072 30.521968185844226 699 30.601343159635057 30.503743647106397 787
30.582647818705784 30.566830479325713 799 31.803296039065785 31.413422100874072 871
30.11328042055206 31.482013491189996 576 31.884182740315733 31.910007238471223 633
30.3416392222541 30.08775918989484 622 31.33246985590484 31.948946771644383 697
31.431730266571133 29.99562580609987 525 30.10913902674713 30.113112969032176 612
31.880223359020107 31.090458945588633 715 31.266004431679058 30.777316438153466 789
31.71725128958068 31.616120675049352 900 30.95805580651833 30.7112000523422 982
30.63010384807889 31.550551629869066 541 30.99278649759554 31.91796743134872 578
31.074799994673455 30.30893907561715 667 32.00059463912147 29.97231110487191 709
31.59952867009961 30.324490850789754 1037 31.37271974641076 30.450757719053858 1094
30.994932488967738 30.21070815958644 663 31.276701834644033 30.115722398659557 713
31.02623290901763 31.97547830806209 813 30.912502496146274 30.402099038775624 878
31.67553367223338 31.483027208393093 650 30.48206244113335 30.37785858413031 692
30.202868385245445 31.36858187646118 747 30.02938165908605 31.018689531012924 800
30.648737744573946 30.547931583215078 695 31.896932362847018 31.72842974931879 771
31.874265197405933 31.990204856622036 536 30.372040639187382 30.77513916019 590
31.340124008823896 32.00462654019827 762 31.539845931525964 31.46818928842856 832
30.564712651228657 30.592757711386596 882 31.65700665990074 31.700317547135533 928
30.67831017196501 31.74133512628156 774 30.093601424180118 30.000107884393618 817
30.300922086788283 30.996291096650985 796 31.79606836533152 30.5412542474205 882
31.258563118809533 30.193472280614486 426 31.965049409733375 30.44972397414844 470
30.991915584439276 31.633089224766096 560 31.26556921008878 30.153685733483776 618
31.76019598750153 31.199498163499133 656 31.770184923809513 31.443618266821677 746
31.486107001118732 31.62792226934699 701 30.489879942017737 30.282144709932517 744
30.885828808174914 31.842073649677666 916 31.017413657346157 30.140777651882775 989
30.14123449097584 30.01992962511161 566 31.68841452570675 30.401135337759058 612
31.027867023489613 30.57127275194422 682 30.68353605171305 31.0850509470516 752
31.26932615646175 30.899991799365576 537 30.564917986435585 30.21372636131178 608
30.600277781211506 30.95614203120584 952 31.88776523321008 31.220608462591706 1025
31.555390609943164 30.324362378444388 843 30.35633806350504 31.65821349151416 893
30.27741496000002 30.18344822423401 752 31.49299818096905 31.424386580136158 820
30.861168894497922 30.04537454440676 568 30.97843145371003 31.137541906690213 645
30.59216439739627 30.498876049410057 602 30.70587654169844 31.13354155085941 670
31.8032532385052 31.944938729969135 683 30.317263904769483 31.45029840474523 723
30.84790457971503 31.694516212139163 840 31.127393938292474 30.162969858336204 884
30.728259559915116 31.49438274436989 478 30.656537266347854 30.554282174736688 511
30.218815480729116 31.477298915767573 790 30.53172393224072 30.27898037353466 829
31.297207297176325 30.165414031781662 690 31.52320949500053 30.911067442885262 751
31.11342828571298 30.38378646949506 852 31.164405323745733 31.00406209780696 886
31.23302422807645 30.84408523026422 743 30.839383278226236 31.68972074937258 776
31.545666553000018 31.687525036662787 759 31.394290066947764 30.640776473434183 798
30.508704886199578 30.78226509861482 766 31.240807168235083 31.880933832834316 806
30.05742380899724 30.818573604353954 757 30.01251863150758 30.633034188749217 822
31.38133683228133 30.675176604195077 584 31.40313657059038 31.9679661501274 648
31.556345964845455 31.23057428069663 638 30.50778876358055 30.771434498327025 669
31.559604814581487 31.158849494256618 702 30.649569998752163 31.153614495543632 734
30.630611618178037 30.504305099419984 577 30.03221145499811 31.30354844947274 610
31.3967612324876 30.850401326895465 436 30.956004492238776 30.045374406861033 483
30.850648242283803 30.062481675124786 807 31.68412305890623 31.968295670315676 881
31.61476507960494 30.084090787369778 945 30.205905576171315 30.91171797966677 997
31.28619864592956 30.161281692055102 537 31.33100106693908 30.89656291302038 576
30.610076413892916 30.208409792928126 662 31.6105564996545 31.512373335706513 733
30.6117372839879 31.014936511397003 891 30.85818870044463 31.82635793265151 930
30.645371399958652 31.538621103081766 506 30.704233750436178 30.39882826298235 536
30.30553354158443 31.10616584579699 546 30.718901788281403 31.634154865562557 616
31.24756847237695 30.789821174520775 849 30.491616938919822 31.6516814449571 929
31.9437706084778 30.823607998379263 862 31.485649196519528 30.89457489894883 911
31.15203754025032 30.054833757970822 669 30.009633371339522 30.36334409604721 737
31.812050913677567 31.17266556563914 587 30.267328392691077 31.095082446138598 631
30.954115824083626 30.18811759926985 719 30.296810237731076 31.56522351872391 786
30.098667349693883 30.860310031896763 697 31.859943537120746 31.7932889559668 744
31.373859018235727 30.590237573160813 625 31.245110750301443 30.57543999108608 707
31.04009046828648 30.8871604059742 587 30.631955574676923 30.513920478779582 640
31.500547228618643 31.43648317631093 496 31.636310903568926 31.663451454326974 548
31.155551376905766 31.337826671797725 634 30.018754367253372 30.8535096469996 703
31.9121505928995 31.350792282812485 439 31.317519572578238 30.1954460529035 480
31.84923924536112 31.90592695272401 687 31.467749320329037 30.15036991832862 771
30.272768984743912 31.600647460700433 453 30.263117716420684 31.545477357040767 523
31.91435578460216 31.287255533687944 437 30.68639420120431 31.530232329252303 486
30.284592112223976 30.890090643541825 830 31.386819617578936 30.618011495111944 866
30.039159069132847 30.86793761879168 778 30.50916861489358 30.537569415512145 819
31.600202398982905 30.49149940682296 562 30.400404937605014 30.113961203374767 646
30.148553269762 31.00394251784094 810 31.02800748637708 30.539799525962753 849
30.88061867615238 31.25856621522441 694 30.24683581691484 31.96425082594877 725
31.61420080086379 30.266573256046975 585 31.784088464929862 29.9837017498348 623
30.580279650579516 30.419239527259883 856 30.068051747780554 31.351052108699513 928
30.95429034416038 31.50418784425861 427 31.7708199023696 31.316750450238576 498
31.469104757493298 30.46751669808685 550 30.95223479688519 31.05182237067691 609
31.26958277498186 30.108589044799782 811 31.956433388383967 31.23956342285368 868
30.500354677251238 31.090193399250516 803 30.559685059966352 31.078265491661284 833
31.375510803080502 30.667238833882966 584 30.397743951427856 30.16599810478026 659
31.815613934512253 30.285044531553513 826 31.41146249964372 30.41464656469385 865
31.70406847206401 30.091760102068257 675 31.1725466934363 31.94108576261799 761
31.26904763622547 31.539706495201898 914 31.608105089442137 31.56783596147716 991
31.768996274688547 31.196734146944724 870 31.141739492895613 31.425721672205846 911
31.076292968861 30.474937254851767 1044 31.4364283896949 29.97764078117908 1080
31.471753638513416 30.135145175201536 465 31.802235633380658 30.475450332949737 548
31.666252164657635 31.651446238033497 794 30.148479751225953 31.658330413455 830
30.873949917178333 31.954346242045265 492 31.100284622277744 30.452987982867157 560
30.238038806360105 31.650182770966044 594 31.8461198444884 31.11551831101284 631
30.31644554092737 30.15805545437302 730 31.58567092774364 31.698346987845216 770
31.74773199892136 31.358164090332927 556 30.898927339033236 31.27052591612511 631
31.685282337612072 31.311218727919137 799 30.482467806422516 30.724907394738363 874
31.319738976735664 30.617192849457965 877 31.577970287573216 31.5774846163594 937
30.511099742871433 30.915665999450752 467 30.083705793881492 31.49947438361775 509
31.465880699388663 30.3844807062097 817 31.689214786373505 31.32702297001375 861
31.810016444530238 31.741759686951962 458 31.799272418590537 30.443626610957367 534
31.65959798961966 30.381355663362594 546 31.246720252870745 31.222944473256028 598
30.394667828510915 30.164777532994506 506 30.15890019152486 31.82379893842127 566
31.479083124910385 31.823948810143833 725 30.843896201958156 30.896365038377283 782
31.448920449771865 31.68238262900986 1051 31.571768325273986 30.474237171268896 1102
30.447186250242538 31.66266186104755 940 31.31677224368695 30.586641921894117 1030
31.635934460255665 31.04905024061902 696 30.518800305178658 30.960163801646015 768
31.406463853599536 30.383323306078715 932 30.65896558622901 31.117269177820884 998
30.228116950104145 31.031470471228882 973 31.285437175578767 30.206392925816427 1021
30.145828775825386 30.403109151593572 792 30.21226603100911 31.427813666600205 841
31.346225978403638 31.127010122823332 574 31.786384497781 30.09279387297463 608
31.821994937670286 31.16200587162821 520 30.220450109727082 31.956777472861074 580
30.204440559850912 31.631494901640778 454 31.81821648250907 31.51951278942873 543
30.594720367620507 30.4512109492569 767 30.147529209763317 30.245321671960234 829
30.035225054447487 30.63894536259427 933 31.54483639866 30.339790163435143 1006
30.868823507483988 30.454228011742636 448 31.321119937522273 31.765726515569053 505
30.56356113709949 30.22836961724277 446 30.29530401366822 31.02270240054084 500
31.166279138388084 31.346564161429697 660 30.044997126984025 31.284479981382663 749
31.907428056388113 31.895698440166374 855 30.841176361561107 31.39865727376266 895
31.68067625341476 30.333734851944698 948 31.195796884856936 30.632004156939786 1011
30.234653663755168 30.14211407594355 962 30.872855770281507 30.493447022457907 995
31.641572438966325 30.385029512329947 789 31.524635410353707 30.966795226085416 824
31.735114435492516 30.540793414340687 932 30.62385509533105 31.055847864254012 1006
30.712560999932762 31.186909473100556 501 31.645140561882233 30.338856099174926 571
31.66259246142824 30.665005969370466 471 31.337944510478454 31.63180785402866 560
30.54963543917325 31.062659873314555 735 31.42177577409039 30.04565325685732 785
31.054572376355296 31.62316668849578 756 30.68853382585744 31.683392241733152 805
30.22629061273017 31.429052168716446 900 31.340249611088428 31.657282759517734 979
31.60378912709825 31.240903884646066 443 31.575349229822873 30.124860371065633 509
31.806744928037542 31.913401638759893 628 31.48544496084791 31.68793555649789 692
30.52730725078111 31.025698847306938 455 31.79641187936986 30.0230046635622 535
30.166670729536097 31.027074813802773 804 30.770963248094215 30.838639106403008 857
31.098102849734737 30.152296165071974 585 31.742014603220607 31.519235245058265 669
31.915886312040126 31.243021081425052 898 31.78139381984713 30.67412796118472 940
31.088182281329853 30.07784991140521 637 31.95030308448857 30.042715145019322 717
30.162325376291573 30.885762310409667 684 31.442616761249155 31.203124396007148 724
31.201730701784143 31.909937219832013 586 30.190671102469096 30.784140134153144 657
31.775728866387684 30.15071600381459
31.242212329510462 31.893212556760712
31.215228843820178 30.118406880978604
30.364715559216933 30.175161396071726
30.012777538192186 31.267780629171828
30.92797673204755 30.0518613306583
30.633646830379817 31.49355690418311
31.038129699901912 30.968374173845337
31.338963218263228 31.659947659609795
31.30011730606922 30.20428841329915
31.238474058396086 30.91072269196677
30.554442523741763 31.15649304030528
30.55196040756206 30.611388497399986
31.202508153241244 31.851362218702576
31.4722379143335 30.922012173509174
30.2003648439397 30.19687521501585
30.966729506184713 31.62939926367086
30.53452646264243 30.786589255172338
30.32503476942083 31.702138482206184
30.4465885074384 30.1443159382667
31.517595345144223 30.948517410738894
31.166163060992158 31.391339563979148
31.953862276748218 31.911542738674076
31.403164712523346 30.50281941722903
31.256457511766953 30.819984633731213
31.920811897487898 31.951818785522477
31.092613860142084 31.08646238567437
31.36469003244449 30.25359508556703
31.773552141890924 31.11764271220339
31.25761831493143 30.694794146625107
30.983681024720195 31.046808377232644
30.666212817347247 30.93256282615338
31.440411618708254 30.424836049165627
31.5856014625787 31.209016159355116
30.65814221633941 31.096495426118654
30.235712064482147 30.21818946868787
30.2363751081107 31.605022635407966
31.591070293204464 31.10644931658969
31.741823518190174 30.097566124356145
31.434472915292716 30.88500278041968
30.574136459990118 30.269757415791393
31.368384907384538 30.589085416672233
30.684150846082566 30.966876384916066
30.9677052383664 31.497469763409295
30.291405451830286 30.28046601937127
31.54949378627439 31.150996136036934
31.598911351436808 31.640276689084995
31.80734492498329 31.098407339978387
31.565744134604387 30.56067917910123
30.52385131204286 30.106208715086897
31.777252335548106 31.34482451991649
30.386360008876615 30.086956677280405
30.313125204581805 31.561777755373647
31.802734241837786 30.129717086481417
30.461598876879677 30.71972905567505
31.648267939271015 30.67918964875517
30.35404279416917 31.676955381338068
31.005967504352395 31.825935308404198
30.289341892596877 31.343188806892105
30.00308946275487 30.92498163579576
30.43177760125341 30.81289602688276
31.767017619695572 30.163069962569267
30.60213694947441 30.171817524410557
30.630476531474205 31.15924115920536
31.207675325557844 31.550779788820172
31.709209832263063 30.430431415089462
31.692565882303825 31.313447362743485
31.765856325775385 30.672947780239276
30.652284739984577 31.534368788460757
31.138324724048125 31.881322829129438
31.801892934808375 30.407902450492415
30.77759213281872 30.817232391349517
31.78856685857117 31.244961521179867
31.338886958930615 30.47670522101899
31.568697201905174 31.42833618961391
30.089916934801817 30.243886695841066
31.193862217654093 30.68931992687559
31.987430225447962 31.36967791674161
30.401120952405613 30.3950088716223
30.493091408723018 30.297192813505003
31.630547438496187 31.292790799814412
31.965507616867065 30.299590350046028
30.201885597528996 31.572816648294086
31.626699448050363 31.035080523491004
31.7501091568245 30.676265906543634
30.72833766444739 31.1428283674135
31.74651277151283 31.956975355179537
31.29986569567612 30.13826068125078
31.015300814609613 31.628513818176685
31.316345196405436 30.86857991043936
30.59434755803287 31.0987136471965
30.227754794450163 31.5651559875899
30.645916579903055 30.95846395267538
30.04727398817134 30.37424739067846
31.592710564918647 31.6261101004859
30.41518146732436 30.696251404853104
30.259684548297948 31.56306987471271
30.236296071123494 30.252687573778793
31.07313402031838 30.45658355433617
31.51304051640297 30.289093741543656
30.052989785521422 30.69521513186791
31.61960893441592 31.106309937444877
30.18840088932906 31.600301379663502
31.77003911786466 30.140055890185717
30.178911220873477 30.413290162792926
30.499069457652624 30.09586838210488
31.743144847747807 30.72861955288461
31.412492422826283 31.96521817243633
31.779673718276236 30.1862530313872
30.16189282390372 30.40541134983844
30.190038222624654 30.202877069574058
30.667773184737506 30.984790707215744
30.69330878167792 31.210227078419344
30.046878650730925 30.368707597581576
30.38521840471495 30.119768576821738
31.59309130885485 31.175266028504495
30.13642485471317 31.51292299878832
31.104333838353757 31.048832862431023
30.610229957394825 30.208756914353764
31.738116848742898 30.112260799717056
30.540939996750204 30.525630881827208
31.10814768021241 30.45754797153486
31.00319183402575 31.49239577295336
31.225768873290978 31.976265132699304
30.74118774872289 31.125476663862774
30.193616763267936 31.519730732856026
30.640583571053963 30.587165153932677
30.974068983289047 31.601562670995534
31.0393915466891 30.985971845691072
30.39629619935058 30.693917379934668
30.4768361371804 30.438172543046683
30.812182345776574 31.609375928413908
30.958058929101714 31.543845888386407
30.920977924120084 30.710898160564057
31.51324870187008 30.91892121025059
31.144575281021787 31.864507638903387
31.758365601138536 31.873423618117883
31.865683327261134 31.870462960434544
31.738888944066563 31.12827050736658
30.448813286724807 30.73866219438627
30.94461649939522 31.440217715381937
31.050473978637786 31.05715297066766
30.10533555751737 31.369871095387985
31.765737737300263 31.12497961356519
31.30734345913458 31.671731265612028
30.17080996021722 30.197641732741634
31.313481431426723 31.660277091740845
31.00903452588104 30.8995893139264
30.990884053159505 30.980570701927018
30.675187656697844 30.392041019188838
31.560174076890767 31.182785136168548
30.382981090996747 30.330836329741263
30.122409058245317 30.203167777642896
31.296324081958627 30.164357808423954
30.89515202295816 32.00913732545866
31.598099880008316 30.726915007019464
30.311009843107804 30.313263800198076
31.218673137133795 31.902058078036536
30.2270611619029 31.69510885351014
31.301334560742173 30.296739479311498
30.230337588179566 31.59279368316791
31.955377060604963 30.308654832106228
30.157452773343948 31.65975647904299
31.266713450623794 30.13230669283594
30.48717089436458 30.565293371631494
31.204603666560914 30.91510563817266
31.934525461889944 31.316323122874504
30.661295452768254 30.272199470290364
31.804260966029254 31.659270214015017
31.90047695686999 31.939780989568387
31.762358864160138 31.336491664881038
31.442858995881796 30.399911860817664
30.620362511680757 31.101616758479516
30.145761526001902 30.847428210066198
31.068107466534734 31.814366747018397
30.30419499305655 30.428127715446962
30.09436367297056 31.283766852834642
30.731644429940363 30.4117593156587
30.409905974339605 30.369562803037457
30.054379624694796 30.938220125573825
30.12409127706025 30.08723922733632
30.150391475739067 31.459991854602666
31.123985686940507 30.146840759194983
30.68580835725192 30.926134945162794
30.63682293585347 31.531333727093866
30.540535244096564 30.113499429079177
30.96393827683246 31.543003289863883
30.498184650031316 30.499821824317454
31.03492138419368 30.85308523417997
31.141043788451345 31.83356014819828
31.025338613824818 31.843876325171998
31.581485196596695 31.597633909688476
31.72609643948689 30.689930807264805
31.170027873505134 31.86568024743381
31.82519793141446 31.49223026830163
30.4164143524599 30.088590843421304
31.285630197977927 30.296850353742606
31.297870766385238 30.147858213619827
31.899785228186566 31.34434174289259
31.569516156329215 31.270858140495857
31.579344318619533 31.144515963894694
31.37578701460345 30.585946693665704
30.240421035777196 30.694671482265235
30.35511199549707 30.426278754082578
30.2319092027693 31.572316331687652
31.267984658717097 31.96428298917839
30.61580197139471 30.157051079862143
30.9233772498865 31.3800517513481
31.17494454349939 32.01988711396709
31.759651171813935 30.88810107655517
30.470340785027464 30.45708587641441
31.59121204593424 31.49369363923245
31.33993328329788 31.13343724257262
31.593229093324638 30.543343750894717
31.356017903587677 30.526742529137714
30.696253083700558 30.367195754147907
31.030802744766472 31.832416186657014
31.72231998173009 31.221420999978875
30.748226795934823 31.20926733073688
30.91404207527106 32.016130509046505
31.569081900530502 30.22667050534362
30.041206413131047 31.371068616775226
31.761335207363622 30.873741990961488
30.596113996114283 30.27443927995896
31.286901180937384 30.107026560231628
31.17779161123545 32.02330167588148
31.11836796142088 30.118827529536414
30.86069501742559 30.44129221022011
31.00054481869051 30.96971625565322
31.243704288834525 30.82173159715256
30.315969221016317 30.24225753310845
30.94525082644456 30.737954851605043
30.23544397239744 30.193824076389145
31.18663803053238 31.411448047351904
30.97667633626079 31.555998578315176
30.991830764627913 31.494021220415377
31.17613598673211 31.51562471161635
31.951309893583648 31.380394732844636
30.700623238135684 31.216517117783756
31.185549487896274 30.89398895267838
30.014008170841418 31.031430519199922
31.14136510879917 32.00794378152782
31.845154606448602 30.273640625173268
31.694276004259155 31.343082490014993
30.065322346925463 30.398532976037064
30.63583134234957 31.502097985429966
31.125686333665772 30.1753894863421
31.750689150825313 31.34376620313693
30.129297378316032 30.155843391180774
31.95234732160586 31.86750042153349
30.993682678825984 31.607109363062598
30.391664891301478 30.153791972498368
30.55592886645684 30.820341457648855
30.526623500598575 30.536892744595445
30.59064136809099 30.170210308450205
30.08152672077709 31.395518400876384
30.54486509210149 30.22661004649184
31.431371745398284 30.71875537241541
31.625651376498165 30.36711152938712
31.498508434289654 31.24017417838673
31.621828506333145 30.566283073314167
31.715034439479744 30.125989885809354
30.936755187346883 30.73926817027393
31.03705225792768 30.85796994565955
31.09074851211775 31.092029732449653
30.042458166172704 31.29324182849291
31.709120574863295 31.266716188636817
31.80474746276138 30.13315858798664
31.40949195715099 32.00652947222178
30.328514743644565 31.595321671056414
30.802214783663192 31.958548178472117
30.766276570578597 31.182724285150478
30.665993163062616 31.098576609186455
30.259235769708003 31.61784453141469
31.54402445281142 30.21954288829775
31.675624264396042 30.13186011414672
31.69231992311277 31.917733761941673
30.063775596252643 31.407285787332547
30.25996884659194 30.724893356384033
31.76544598641854 31.198774183298465
31.73139160378938 31.341324387277226
31.418881207742483 30.355391968003953
30.66562996736821 31.005495255109725
31.913399950306932 31.32788093659479
30.230506894885973 30.147983736800544
31.795971782957352 31.648991958984805
31.48817927375825 31.256756462838755
31.41316459101806 31.93166133351042
30.854172936532414 31.977390096751197
30.939306044383148 31.547778400525985
31.738279315459362 31.144623600856978
30.479176677018994 30.065266608050383
30.207313401201677 30.38438881328715
31.619824750153256 30.55375278431761
30.50615141490157 30.76929252621356
30.99525037230639 31.458042001157768
31.595647580010972 31.570951507066543
30.403498345657948 30.13813868045524
30.19166235254246 31.629863894245755
30.508183771706307 30.732420297531327
30.459647848633455 30.461533542005384
30.737637833239443 30.38523846571797
31.432610489221144 30.650484898367367
31.55675567902394 31.312130519833197
31.22345181959021 30.20448525121285
31.629693571399965 30.412812155613832
30.32488176353165 31.68423960304814
30.037435025456755 30.922057473828353
31.441815918529166 31.26322425086499
31.88184816737181 31.99002515423231
31.401560514336264 30.653226787973946
31.506550304549343 30.663500417135428
30.909744852033512 30.466274868796635
30.248974581227852 30.74009508621883
31.768850315972234 30.74190787651251
31.53551489245631 31.474050325605344
30.27266183952357 31.545685618546578
31.02375531287981 30.307683175974038
30.910660567184287 32.03947832210932
31.43860689632458 31.288784589311764
31.703931195763193 30.712135602471392
30.505153876686652 30.12059594896679
31.546243171971902 31.117352601133156
30.18710237229253 31.568272866316402
30.77783774069091 31.385921010418073
30.873709597951933 31.37635849455498
31.610294924529104 31.560165786419162
31.93270835949631 31.197771196537666
31.762204475041344 31.521239500230813
30.554220247927397 30.243096987274456
30.60422841117343 31.19092613429624
30.370346532508137 30.364547979541136
31.70743149202991 31.319749102573137
31.44391258775167 30.38681859713187
31.01606398224015 31.48154650740292
31.011228933188505 31.505335085754893
31.09409082932892 31.13814145234791
30.64791132637658 31.155449416616072
31.986718876853804 31.25530189055558
30.65406014260284 31.130659120818972
31.223079256827305 31.85367361154317
31.11062118660321 30.460850168286665
31.40228834494987 31.971865948023183
31.435168721361986 30.59459079246434
31.157858835474876 31.38124374959021
30.204019708835112 30.89611688024188
31.596859205153393 30.65009854454632
30.708928516668443 31.141134742612
31.619532391438025 30.716042752884054
31.1179410228597 31.380717828305308
31.694640164331474 31.29160907991543
31.666739529477923 31.94846654588714
31.5192069208598 31.48108064408457
31.633900417600614 31.59721839519969
31.72937934790304 31.10542046882178
31.543189091165456 30.22872183093589
30.073420914564032 31.44543663877437
31.78218565435131 31.136481905603063
30.543133370487816 30.96951229718771
31.031123952729217 31.008178719269463
31.51050181179254 30.25191628704772
31.435271324417155 31.563597720402235
31.21377787137318 31.99725677355846
30.94640659165352 30.986625039591672
30.96568606303598 31.434337799866178
30.462677075838705 30.063073200409406
30.172451198932425 31.665533275772976
30.86075326555247 30.45830148960715
30.125126474927658 30.26519826429203
31.683702612345964 31.333664701282043
31.526134071373548 31.216997134458612
31.979943828793154 31.32378741185861
31.613270884535822 30.71397350033439
30.588845161484972 31.121295153691797
31.08580608836827 30.323742763733126
31.45122976653105 31.580742252681105
30.27637520312886 31.61169307086583
30.624632109735437 31.133518578823086
31.598530646847713 30.651775044730766
30.949333326678982 30.137971561979285
31.01834043074468 30.970090420086947
31.67720928409655 30.385710325406656
30.448541783745874 30.22119421329359
30.039216093517396 31.02339022450001
31.94365169091529 31.36640272132072
31.84719568354375 30.442934389153066
31.974284000113084 30.331663621108685
30.710619790796837 30.319797766934958
30.339058354043082 31.66113651498025
30.958580164785964 30.75137457673514
30.561315424451074 30.3021856268251
31.087882267600317 30.430189792096552
30.5871849077554 31.07968653038676
30.474550755827966 30.106762413666708
30.61889342008361 31.134197826025122
31.56182948762403 30.206579092347617
31.31465405003559 31.673951219491027
31.04295896185108 31.054706999317514
31.594148770418116 31.225269497770697
30.288801899496868 31.33773230173537
30.20689673365929 30.370634954500964
31.819146260913413 30.097462159655095
31.817781384037065 31.480896432031603
31.44125335275077 30.382655505893236
30.832528968909088 32.015060717200846
30.618341102824534 31.157218090632607
31.030869626718182 30.310566904178767
31.542483407893254 30.618980682530196
30.13773780377055 31.3810391937676
31.78300286735268 30.143619925770636
31.76213562677807 31.198476810488955
31.720401579248446 31.95963439006047
31.769689005675897 31.338136909945334
30.321118664574765 31.62781594582288
31.41633027500049 30.39277701592009
30.465729186549478 30.685424699845843
