999 374
31.784866688097157 30.167101353661366 962 31.18405445377147 30.847494816469922 1014
30.26060588249496 30.383994315078585 885 30.889147147746026 30.44207834631444 972
30.049533934979138 30.1715481725525 944 31.42001640048982 30.84249672322839 1014
31.46841815756699 30.7179927195724 1023 30.115109059298437 31.56620471232101 1076
31.31582542019979 31.241982910276135 797 31.941470455157916 30.72558503695622 863
30.562547931977093 31.94925094119297 601 31.14597118028605 31.628551102788247 676
30.966168367722776 31.58298123549598 602 31.351448545491376 30.327169644564826 666
30.64682469775332 31.63174698531728 520 30.3912157056078 30.228602410589563 577
30.077866339206846 30.551128923000306 758 31.145643789776877 31.641326361745048 794
30.739307864012197 30.576968648167792 982 30.609574867703607 31.555164999585273 1025
30.516837047778566 30.214254463011805 924 31.56761813341668 31.41428690843405 969
30.656524249098883 30.284900172334062 812 31.490628042708273 30.200696169517435 852
30.898626803979376 30.067558363913296 586 31.261702230814446 30.786763742914243 667
30.451266075480063 30.02547188064062 478 30.44440465874916 31.481091915798608 542
31.889278471294308 30.89015666766486 806 30.18562929848049 30.031936779236663 867
30.386627778962158 30.15175414479251 890 30.931915604297433 30.39328981570824 980
30.59128758633064 30.183307962171785 976 31.112679996028096 31.29900628581166 1041
31.625685516575555 30.5061247065665 875 30.843503209425965 31.801740020689056 953
30.685552442917114 31.78465773782818 842 31.627511891202424 31.790363320961685 876
31.386045887479387 31.659639237785594 722 31.279024299170754 30.47684835710821 779
30.819232825917826 31.543331322974666 711 31.114181259420498 31.09987498896593 747
30.050613829959012 30.278424565978383 860 31.9298656964206 31.457484153439843 905
30.330652206413717 31.321241007426014 536 30.675759383470137 31.377085410681588 581
31.773851119888548 31.915237955312833 698 31.599070287489816 31.97662803111047 728
30.67633930410708 30.047293615126623 831 31.913213970390906 31.498357070496542 874
31.58716228129159 30.060361194210728 503 31.30923423840588 31.491676217653605 559
31.399213318187936 30.960349866708192 989 31.378019228458378 31.07826673567959 1030
31.05225338835171 30.59558907546738 483 31.797506987957185 30.172781217493075 568
31.78010999408076 30.754690003051582 841 30.035704443951943 30.91366652555873 889
31.362484742993843 30.81472556813628 769 31.609487418862756 30.547378241415363 809
30.775100440424563 30.83911891113048 987 31.632987851916273 30.95551758640883 1073
30.510963954609604 30.556139807269354 690 30.178176006436637 30.43451735218167 774
30.29253744337663 30.74210155174716 704 31.24092476759438 31.979546682848472 770
31.53935319844088 30.01518133071489 533 30.074085507680074 31.565619198245734 578
31.5248503235372 31.127797687562996 501 30.938968569676273 30.813716319310302 548
30.400848513279044 31.13052095691239 604 31.24404297526828 31.560148419296354 681
31.0181230365593 31.22168105363015 1059 30.72232836921611 31.97214172897155 1147
31.392816955667016 31.2100220198882 606 30.082030802610394 30.24053376781669 637
30.272170865699618 31.365934046196216 722 31.864423673330098 30.589060849977667 788
31.58982240812044 30.094968241775454 524 30.086144456310624 31.519684547057718 574
30.058653654666095 30.70105375487341 856 30.320066434993503 30.42852555522456 906
31.51505334108531 30.444963090618646 790 31.173941327021115 31.87753737622561 854
31.302436116627185 31.489605137123284 1073 31.850930090864885 30.623661286480537 1111
30.713203003706212 31.963964429110135 923 30.620728177294513 31.844264075748857 978
30.700535084667145 30.420703929041014 743 31.3015657445057 30.32355596438876 799
30.845395923533218 30.081349034841093 584 31.471883228829036 30.9450536492905 651
31.86208674929091 30.733085501878456 723 31.910260741640307 30.070133278828123 781
31.636964144902286 30.79757663341958 436 30.7346831347885 30.996479972712983 500
31.797089556203304 31.262597716266633 870 31.62759856296008 30.363400860411442 912
31.32190884311804 30.86047863932146 820 30.12536130035523 31.680397346662836 890
30.764895487645102 30.114227067486606 699 30.06825695069649 30.781072785709075 775
30.33730782782428 31.20470687723092 946 30.127122949826745 31.176153105670142 1005
31.084996636970814 30.24266973030336 569 30.1351990166827 30.946465144850166 640
31.5972780035367 30.234731445024075 633 30.035465400669132 31.040308112001963 697
31.291091743071696 31.70386852841361 711 31.565783530145108 30.62436013323917 768
30.98656812179448 31.091907872819892 442 31.581488766400337 30.590486293109944 486
31.580725053977837 31.139457908086996 563 31.802328818471114 30.306130678405182 635
31.8532260971127 31.39309169234239 1016 30.620961501741967 30.50121124253875 1051
31.65855819108028 31.92396135323308 1067 30.06760540187234 30.953735336023378 1099
31.023396048908374 30.544137038955487 427 31.14571089181022 31.984916219639263 513
31.839889633617524 31.841009225472312 554 31.319873627003673 31.354489074213127 595
31.67082049276444 30.97744134159703 686 31.472876960972997 31.79516290340271 775
30.000081607700576 31.618980547579554 1005 31.5183349854585 31.13859992859262 1061
31.595956505027395 31.272724628715398 782 30.278742479466505 31.59369276484805 853
31.16753348619491 31.024869301285374 928 31.808069914217455 30.828721419101605 963
30.912990187498462 30.57225732014439 590 31.436203026949585 30.068952334408745 633
30.614325863185407 31.68245422535569 1017 30.229941563947875 30.31492020398124 1089
31.951245488389606 31.227462602235818 595 30.85590664673134 31.01373252565696 658
31.353988089215147 31.294315376777714 631 31.20122444528483 31.784408313041894 714
30.1283850113482 31.313648009302444 550 30.19792520736286 31.16864530322189 587
31.016403115246643 30.71552309489538 762 30.410272563661373 31.00160000292014 841
31.624654100822397 31.422279629822523 855 30.29535841002554 31.261843724327527 914
30.434188129894753 31.117360942813693 997 31.586423415649328 30.67063725051788 1064
31.946391150219167 30.192457002042477 491 30.260600518229666 31.728439437637263 556
30.74545992369839 30.0628238582481 586 30.071315682630363 31.633787737090998 675
31.779988277935075 30.69835574535162 765 30.41229110157804 31.411758747386862 814
30.18492379489195 30.85603113339191 833 30.960034248079257 31.58513479090358 897
31.332901855971556 30.75261945488211 489 31.465321690093667 30.34845199533423 520
30.07180894700285 31.853909846813444 1061 30.657157580450242 30.29324089148493 1145
31.927313615911363 31.893901607270585 567 31.267207308833864 31.8500444546297 623
30.596586139911697 31.059693951525546 1071 31.045353405822162 31.905682274659313 1152
31.242619642162197 31.242540666941462 602 31.891153745531025 30.800835619496155 670
30.537553375995607 31.450090100452616 764 31.453917073513175 31.63244931416075 844
30.600415252873635 30.162441639295043 475 30.970957435364816 30.701787482441073 554
30.826385656969002 31.513749790891836 439 30.157805491606442 30.354342745487074 508
31.221693504266074 31.805786549822233 671 30.73034655191001 31.790144248099974 739
30.18745891472917 31.254000790769584 625 31.385796163390527 30.512054993886764 668
31.37452452141315 31.962681376005815 749 31.966326877223977 30.296287380036173 826
31.54294231134474 30.816514705710794 856 30.740309231628746 30.44264213126998 940
31.4895417846958 31.49417754076731 539 31.79649547211635 31.18238891350564 573
30.12337964963041 30.23085798597416 548 30.23206087749936 30.870376039804004 600
30.33815303595585 31.812062854617448 886 30.72675705451768 30.589417942928854 974
31.466564282762086 31.239123556099997 1033 31.70356837757233 31.524699500154707 1110
31.198451910648036 31.98185456551011 586 30.07385295290163 31.309054103265122 662
31.2810298777085 30.076061439880146 464 30.91420268328552 30.792419279225356 502
30.95490755160708 31.45354079248594 869 31.827024948328862 31.696665669088542 948
30.45922703360295 31.7711250802991 458 31.31458250753037 30.383181314230185 505
31.756106954792386 31.153422775776246 1021 30.218939264239758 31.97984138855662 1107
31.517281740951116 31.61282188101667 596 30.511817313503396 31.04477751971373 680
31.224861964456643 30.869175708610083 630 31.580009120712845 30.231599073258394 719
30.77406583687113 30.003143785428893 697 30.813137473474708 31.925132389905215 738
30.532595438237863 31.631838280336463 721 30.435400519365608 30.014282399976118 783
30.4025231810614 30.17125946229479 462 30.35354395824122 30.384935903520244 543
31.08030736296829 30.424411357510074 800 31.440555870831428 30.00603191824527 832
31.475383320060832 30.051806263855724 915 30.8226602926778 30.65196318293085 1001
31.25731734582315 30.159854633907 556 31.73184639549393 30.5400781491492 586
30.18764402062333 30.387362705296518 562 30.167739823447718 30.49568998730949 646
30.172994013050438 31.703730023507 940 31.05689548353465 30.993077315213895 1015
31.62105567455265 30.091816170086936 427 30.09070491125934 31.33239016191705 477
31.01137666140201 31.249816722802997 831 31.699003470261925 30.001332589547445 876
30.625909352426145 31.160325417855304 953 30.066034649788584 31.508051290060415 1018
31.693981761726988 31.850278971122613 602 31.008442220744115 31.864320409586558 663
30.73059311639717 30.408099320447857 742 30.572786209638434 31.849556680037658 812
31.949912319535834 31.245675694174956 649 30.62480104406693 31.5722247325507 705
30.48143761830877 31.81049461713995 826 30.110398651275517 31.73955874632713 896
31.14404473268517 31.381956225737348 515 31.80515970189469 30.43974692493598 602
31.02431147037889 30.44820227029678 512 30.848277683469405 30.220466502633133 570
31.13496618962787 30.10358809650169 517 30.53320355826438 30.776363236051132 580
31.611175699035154 31.803125250727422 600 30.064224203546985 31.613687708359734 664
31.45907076275442 30.12132903495359 685 31.490988641666092 31.86492925164957 775
30.33013192123539 30.680961521785918 580 31.7196367403783 31.56036803933349 662
31.803689992018903 31.478266443556684 582 31.9142921707445 31.945395506601123 661
31.455204254253267 30.048946291886395 658 30.383533252657795 31.07292940360606 724
30.436540274488983 30.715521814631128 1015 30.91886100065069 31.835748658029306 1100
31.11218529343262 31.43853483322875 979 30.376754048857663 31.606610951219935 1061
31.853115759047284 31.526690461364836 776 30.901195363325115 30.201349622882677 847
31.591049655525808 31.11554203772742 654 30.83674896268888 30.17169727021953 738
30.639065533299867 30.32165047050318 619 30.59649445607611 31.74895545651862 650
30.707443707697283 31.341506547600922 668 30.58371926669406 31.7414614054732 710
30.18249714621168 31.200401455701293 802 31.92564487088084 30.100990843523117 837
30.447323159453735 31.115001456337488 771 30.390973126626758 31.053337113711535 815
30.63819600052891 31.38223867291883 997 30.497404983126188 30.662861766350684 1042
31.883680410112614 30.30031375140776 742 30.612982597241796 30.545275525844623 817
30.97538007660069 31.640565220067945 862 30.362498232598814 31.437560598854194 926
31.143948633486023 31.005325692802764 1050 31.20591677531208 30.358989427618106 1125
30.804194385164834 31.568170747076074 603 31.191503044229105 30.81586452287285 658
30.02754963150643 30.24635636198857 510 31.379630890537243 30.183750534032963 540
30.594688458144805 31.244541200758597 914 30.041577471365134 30.865741329303674 990
30.68438174410521 30.62445120376985 1074 31.337588482636377 31.50336847917589 1126
31.541635504091293 30.5117436304767 822 30.70201491953304 30.419919620344423 861
31.28992064925113 31.907353003594782 839 30.76985638188524 30.264675186817 878
31.37898488869941 31.83561284868073 951 30.769187371503712 30.82157922722903 985
31.93020915910853 31.418109595701 584 31.60938569530884 31.832728025402986 659
31.994909763664353 30.913732175128228 572 30.16237248833219 31.13026060196198 642
31.185556450355158 30.605297958286833 907 30.228079777185172 31.140784088287884 954
31.709265785143774 30.992997977662448 898 31.624392373126508 30.83128679528848 975
30.007835818347505 30.381656179821363 498 30.927005639093622 30.99899962495661 533
30.45498441775314 31.38035644419558 983 30.287110279235193 30.147209247256107 1065
30.08897915121715 31.425769965699445 437 30.227859352029707 31.90095531463628 520
31.55081757177283 30.23347815765882 1012 31.242998968364706 31.84710228755301 1064
30.392626977994954 31.23486707406761 770 30.651288613363313 31.995893744813063 808
31.579645413478378 31.671847398458016 658 30.746823174297827 31.178016022022266 707
30.750707611579767 30.878388523468814 584 31.42309918705539 31.016379195791146 615
31.297942520977053 31.032108483285956 966 31.05030123584275 30.891151468100325 1037
31.682256753170762 30.25973119588682 722 31.652657231715054 31.660074687407512 795
31.35708179232344 31.65928283437327 470 30.679608899663958 31.169613168440467 534
30.718505458858974 30.755585499239807 658 30.912841606251796 30.402311729515652 699
30.89423746024819 30.580873541587355 482 30.521814529084637 30.983207806749338 518
30.02720123266615 30.895882446506555 793 31.788429535771932 31.263886594500242 846
31.945515954611796 31.357624847009024 459 31.650838618731086 31.68442164303556 532
30.389799948899114 31.58174894078998 492 30.782351232300616 31.80060162682365 522
31.875865876652707 31.24120633951094 968 30.822845325547153 31.65919762972599 1030
30.91898532680118 30.368611731629276 727 31.567867020300298 30.29248264001312 787
30.176198870040338 30.031589021053616 900 30.59415884117035 30.08869636792271 952
30.693883150568777 30.03617445729418 657 30.927835986067947 30.572772139124826 744
31.08230185183927 30.66522622215503 656 30.108913983885387 31.861950145115763 701
31.3560411879317 31.989968979135607 691 31.951042477020348 31.340740435394927 746
30.55045492494306 30.906829334207487 527 30.090133429397405 30.460041566760765 606
30.30043411748818 31.21201589698619 499 30.6094529528747 30.478983817267757 549
30.63458783766809 31.784181243957107 823 30.060719786165055 31.621668489827137 891
30.689215551600075 31.563439407554984 839 31.730953890790676 30.271164234857032 885
30.34519813658203 30.131694388185615 729 30.26026468585087 30.147571993981074 774
30.861497752478467 31.8091836315178 758 31.303805956427382 31.52157399117848 848
30.643447213339492 30.82401650161462 702 30.465447862213104 30.03995386091069 784
31.85687978297371 30.102124018728052 592 31.008064506493948 30.46385274071799 624
31.720102124069314 31.19773134179379 590 31.56932990941947 30.23528231894221 621
30.379418357113977 30.576847327026297 872 31.378263069449833 30.82457139887672 925
31.01246037522181 31.151205233783116 919 30.82534400500291 31.51854914992821 1003
30.650711511192096 30.696259849685593 686 30.793312252583657 31.949113250652253 772
30.222701167414446 30.561526587225806 743 31.273185208226096 30.029940407312733 782
31.820491649850748 31.503131367014007 747 30.90523079938504 31.461821858177178 794
31.034108801852035 30.59453382486191 515 31.29543820844333 30.326152007158043 593
30.858548152132798 30.33836468730747 591 30.568609513085136 31.743840994692906 641
31.18907935903644 30.69666194684884 1071 31.204955054869576 31.001588039108395 1128
30.792500253368978 31.469528439887124 981 31.071388390955832 30.715110061440125 1043
30.362989590173626 30.263676044557812 883 31.498145104883772 30.090018470286694 972
30.42329269885999 30.89862752648763 602 30.87970814111365 31.060264772170317 675
31.08239400461889 30.328907135682183 531 31.72660099143722 31.798199852300872 590
30.031458271321842 31.484154254408487 1035 31.175719362649716 31.030870767768672 1112
31.55826419366055 30.53132483342459 714 31.653386228913504 30.533298880687198 775
30.871443549379823 31.349078134946453 484 31.93722171676322 31.752994784379283 569
30.257335932776066 31.303172920351603 941 30.414305996422662 31.167070897869987 991
31.089905201311534 30.698263236728565 789 31.82057137309083 30.58691187322565 819
30.323394682138463 30.57955586332161 441 30.26572011804389 31.278754986447566 501
30.48538912997185 31.61589731779288 808 31.703940333660427 30.67935664161936 879
30.748973006324338 31.329347860124926 792 30.57332845508422 31.718325128123162 838
31.431654501422038 30.27298057844194 772 30.42280566005851 31.55793105350163 807
30.871131107578552 30.407692167358476 1025 30.19661253923355 30.897373015002852 1106
30.4629115839965 31.720861891567274 532 31.163070580679094 30.713303507483893 609
31.463418927279264 31.380055891687856 508 30.626597021676417 31.71997726980694 583
30.638764398753104 30.00251868944029 432 30.721524885081603 31.286249303010077 514
31.40325185874718 31.26610638761552 600 30.020109846035204 31.084643992445802 657
31.57201639831014 31.247773202818525 483 30.951908577129867 30.91693372659435 517
31.281911916051154 30.52891201015521 927 30.8827216734592 31.85763069145124 972
30.789466141235494 30.70507385290177 538 30.569453106632825 31.235920455777375 574
30.00878439414556 30.789970334871132 584 30.331023210079948 31.197409851267352 659
31.00861554751715 30.94916294046771 688 31.946411668269747 30.64021253404638 769
30.675064841111407 31.31848803646724 962 30.480759129409286 30.483499656669334 997
30.142843358674345 31.692847669511718 979 30.25357916326027 30.59262094924098 1047
30.913249740145318 31.53149516828318 603 30.296462716930044 31.309370529298466 647
30.23253919876985 31.39774237672657 454 31.552061571167506 30.215858847102055 496
30.40148022289308 31.149350069532343 438 30.06330454412404 31.90104769376033 489
31.484298142061327 31.609813447489586 599 30.76840168093949 31.630011601852864 679
31.549991947964074 31.149570042577317 729 31.70274213917128 31.58804769414225 775
30.428805053702348 30.297299447227058 701 31.561257358601594 30.66052148517707 762
31.086104593771346 30.855198488013496 1019 30.68473009654893 30.427284442915457 1095
30.98861084800966 31.769388330954044 715 30.945293896112226 31.077926136411154 754
30.968531129148264 30.773394132025587 755 31.300688122697682 31.067387478776578 817
31.171517749033992 31.71806848051942 821 31.64766509569628 31.425658773599842 908
30.583322789706596 31.94012374290748 683 30.86374318471675 30.842314515118215 714
30.937264725606454 31.35555417597157 446 30.198367832018437 30.11525412944789 476
31.217606078721165 30.1746658007659 592 31.168756916521463 30.735020441698612 651
30.69240296701865 30.238675321592922 425 31.964772988280032 30.993615076235336 488
31.087280644199765 31.599878504766064 525 31.07636815612017 30.15191293125901 556
30.469392837184444 31.930724934144195 877 31.631719852665196 30.585259228372696 908
31.936383688181188 31.01082641594803 592 30.63358296542112 31.057471562410882 647
31.13903098181939 30.143424549088895 460 31.040639118396463 30.222098153446954 496
31.51024075732668 31.01005744193298 1037 30.319439960457192 30.797536626400696 1090
31.55680634488243 31.662732280495728 858 31.151498092640555 31.11556869172958 918
31.643443936521937 31.606276472698433 591 31.728776215531855 30.198158938770572 634
31.16020452212583 31.452282425774335 422 30.986817520442827 31.029601956316263 509
31.59863452522297 31.823420109973565 643 30.25162174887384 30.392891408283827 716
30.26034546495944 30.291152422460847 895 31.004065252700475 31.389576216021737 972
31.08061436467118 31.374169874679676 979 31.649784152224406 31.945507061494204 1040
31.383827880863663 30.69448420844113 674 30.77179239977375 31.921655549992487 712
30.65972696748353 31.810791513648613 880 30.034300411167628 30.923099293919854 931
30.830145563167648 31.277357584428984 934 31.849404676321825 31.893981076793533 1013
30.006281459079936 30.97903735518047 858 30.69842081896869 31.16068184957432 916
31.05372294218182 31.71697492472086 1043 30.82861069728109 30.900451412193455 1104
30.925074689234872 30.89526923569142 908 30.918636952656154 30.57948049999572 942
30.87916930251754 31.27010703216956 573 30.29594868976708 31.415791466370987 628
31.773769049531825 30.151557589896132 1035 31.90599344567443 30.960989931994952 1118
31.60966874862809 30.158216693892204 769 30.005209425924658 31.92252382085127 815
31.308323346415417 31.90680396759788 756 31.973203571923925 31.04993219107906 817
31.18110495847607 31.39394007328486 423 30.187399229828003 31.606789530745644 454
30.775864246819815 31.687418137451385 697 31.774290390888282 31.7237116500266 756
30.16012861467623 31.00634660539762 618 31.978199176741867 30.397003579397886 671
30.77603299139752 31.104393497387925 479 30.309091591417015 30.212908492453302 544
30.535965205121727 30.66128716148308 649 30.501609615357438 30.508277397750607 728
31.83744308081605 30.2469694381267 721 30.690711953010666 31.539860867660508 805
31.5756645800618 31.558675984891345 825 30.95631937264663 31.655330432815056 910
30.829241645273424 30.470932991120144 751 30.384523552865815 31.756495830702537 834
31.514149327923313 30.098254498297997 1042 30.50417237007811 30.86068194357049 1091
30.494550769036948 31.912759914831476 1023 30.017175287055835 31.841073184534903 1095
30.364530235426887 31.07982378312308 517 30.168251229818388 31.772025876516594 583
31.009386250788864 31.716128219090898 992 30.62196406134039 31.357307883734858 1024
31.486925448791148 31.864763304987218 720 31.12593665601887 30.602853390970857 808
31.970342014841357 30.008281941942887 604 30.299848546661913 31.621971528151846 657
30.456413634057967 30.533592423809303 815 31.96475235117515 31.803328757305533 877
31.91555605840391 31.8697017045066 637 30.284643570468898 31.23761650343106 690
30.689325219759162 30.609243131687087 642 30.44780339551975 31.173089887778577 704
30.663739518747818 30.28196521756889 713 30.534638307343858 31.54888738182168 802
30.221434185942037 30.055330954711334 737 30.498191319469413 31.02953310140501 796
30.80044962398136 31.495996700468613 789 31.325321400748287 30.48260845521819 837
31.14171802945837 30.720478194197042 930 31.513644828606413 31.156551714377926 986
30.345180480019724 30.15404838407798 519 30.522016855139327 31.7001666707942 574
31.652402148732342 31.22392124233977 459 30.026359840263822 30.840002821808113 515
31.701623217351553 30.23085106158397 665 31.928403948913225 31.787798002118915 727
31.381918278863274 31.801714936999442 455 30.21675462219906 30.8279415334858 498
30.336413854092523 31.65030228248774 1039 31.035109695790553 31.36672591178948 1074
31.683051282452343 30.503345567073147 819 30.35396071379268 30.578368190370874 881
30.75524077957154 30.62798972088218 760 31.230267961957676 31.161431666271127 840
30.989528231471013 31.52367777415928 635 30.103886909348606 31.397319711073127 718
31.14750857544955 31.713302877627285 802 30.509376196844624 30.835207002803777 837
30.592584068445667 31.852686206437554 949 31.456049230803174 30.173048854703474 1001
30.698699515288546 30.730688971134683 788 30.22073799935324 31.20476020814176 860
31.354966214151478 30.24047021065591 1074 31.035546607678203 30.887052433667552 1150
30.1250958773121 31.575458567556076 590 31.051442438208195 30.503136874623912 663
31.62737625514091 30.025577966426592 771 31.172712048424305 30.614027220894503 834
31.932519928398804 30.276588336797243 794 30.368749628069185 30.022710747142824 877
30.151605551707387 30.088290293272973 592 31.3669999363019 31.889244356756485 641
31.201671219699644 31.926733151336112 937 30.353987994761205 30.309617920478594 1001
30.10392836534032 31.15985955848527 536 31.667902320118827 31.75998873045338 604
31.11328085280234 31.00799907931446 1040 30.90188300983927 30.36772135137865 1079
30.304644789441024 31.364484672302844 765 30.178101915549767 30.00197067083258 814
30.81736019925578 31.026389389053588 737 30.957751204820514 30.03503849088007 776
30.606927490274693 30.57275838292583 959 30.555908835434806 31.320459341248508 997
31.118029140711453 31.222551986693805 965 30.51887717010381 31.039791239329748 1051
31.252239495666146 31.279603380259573 942 31.962518624585893 30.26346326516548 1020
31.1859600451693 30.322325569887596 977 30.741064457427527 30.491473972967466 1048
31.405120051537548 30.530370110886967 839 30.92488722590081 30.413652176425938 906
31.981016745622203 31.774727919982027 606 30.723922747221692 30.68150951599816 692
31.76446511102498 31.852080056122727 829 30.092287408857256 30.8950272821662 876
30.478262954901204 31.329546055351404 1043 31.6539072162568 30.736340344801775 1079
30.484206416837985 31.368306813843382 1013 30.26660717152794 30.825708114712835 1052
30.369124046552997 30.213356735060877 628 30.75850349081088 31.71384596676042 685
30.94481892642864 31.220262824913252 631 30.37156447225141 30.748519706488096 711
31.123559781294155 31.43044232765379 784 30.336931735373533 30.162215474787548 870
30.114128680120487 30.90080512395125 1042 31.226909660330676 31.330419139134214 1100
31.023005454461483 31.67584898295726 663 30.483683390218573 30.59530947803494 694
30.591695002078257 31.737957919879385 917 30.913725780078355 31.823902114504396 1001
30.77465941655114 31.23241488231159 780 30.06885455297757 30.958647176890622 848
30.96655392569892 30.814282760413295 421 31.327521100781404 31.299994467585364 483
31.04641803133766 30.831036827571445 882 30.74393882368984 30.371645089370322 923
31.38537368564034 31.170811091768705 539 31.45629155506334 30.650387562507326 578
30.149948600124507 31.56228870611244 449 30.428694826691224 30.909022212085617 494
31.403167243639363 31.462845952597633 891 31.808352926158538 31.416936648474632 977
31.392296564174067 31.122580889282062 1026 31.76407952866241 31.938423653748384 1073
31.44762490552328 31.409304509179286 844 31.655347563892835 30.81363298102833 933
31.71491420269496 31.637675322091127 648 30.664488336367167 31.085781636571337 685
30.960699567750353 30.159584392353167 602 30.538215496725954 31.608730490747252 687
31.231131990936493 31.518378542042345 478 31.908467853323568 30.852700116770844 544
30.842767543034174 31.302399079511268 487 31.521698859412698 31.71232382855623 519
30.868208455983314 31.459708650096054 488 30.545540445751282 31.622180813006693 539
30.25167455685918 31.952646032671947 816 30.33902023241195 31.944047629124857 895
31.283743222440677 30.24221537897319 926 30.88496881727992 31.68439977709917 959
31.62275045232003 31.140956703873737 748 30.642918722699175 30.981489120083967 829
30.64130353234316 31.79797792678852 762 30.859087817518944 30.134930897139196 827
31.059338594567354 30.29297986544152 610 31.86787601182428 31.169534925619885 662
31.886825559327885 31.606537788680086 1016 30.702059455678828 30.86181325617867 1069
31.174435287010272 30.818405125798467 598 31.186379974650517 30.001199176777096 662
31.679105255031963 31.846055728870724 865 31.12336082339312 31.31791808199951 911
30.719625477808254 31.16705206476408 680 31.56326260800189 31.816559550264998 735
30.910502191488376 30.881052008863218 1038 31.495929549260993 31.74399939485434 1076
30.224650389122402 30.120384197541448 1010 30.042978816943602 31.239987769149298 1092
30.0768695497743 31.76718919193564 674 31.380655391034274 31.37714861527563 747
30.606496621876673 31.107501839983406 1035 30.66710431490359 31.083953251211483 1104
30.64970574275522 31.98812632666239 811 30.51002655870397 31.11803725127374 846
30.07240433845908 30.705346855096387 826 31.30858670669294 31.739387465340535 895
30.317978816987008 31.26718874388982 539 30.097246874443435 31.031983952651007 615
31.39624319569873 31.519474890497328 946 31.55605246511913 30.685081534409633 977
30.466379257002114 31.414853324796887 851 30.433684664130666 31.90024149811387 881
31.689200307278035 31.175593248787962 1030 30.625057429847736 30.32537501264938 1101
30.050503065408602 30.315304554948035 564 31.533473310164478 30.519403070574928 619
30.209417785099046 30.56582750933944 717 30.297819674276692 31.7348444859881 765
31.1157834787172 31.401987423125192 586 31.102552676745482 30.37834614746044 650
31.656227204173206 31.79720530340959 588 30.672488258222142 31.237024696297187 627
30.527990453030476 30.77218964377549 874 30.27679424961537 31.720473506646286 954
31.033891474775835 30.99937001204412 1055 31.401077155958216 31.503528465563633 1113
30.67164555371261 31.563285422941178 507 30.414142066914927 30.087948437082648 579
31.940637167829916 31.312293193443825 536 31.85649899037943 30.728938955351033 606
31.932637361201586 31.35752592540816 862 31.269693671639192 31.212467060525473 917
31.044028989342497 30.08142015905744 508 31.37628834438473 30.854512988094136 558
31.884771324954787 31.030875752670795 748 30.031751347717044 30.4860857651155 781
30.993024801213338 30.00146325645529 961 30.81356982214952 31.321458905811372 1012
30.578016396199825 30.337509753496636 630 30.787943453236256 30.853066787435086 670
31.854319033362316 31.165943031241536 767 31.417124329605464 30.60314631060815 838
31.414077157896124 31.776603800232614 505 31.754790867324083 30.29192715030276 566
31.57307943742087 30.12619578244194 422 31.890267229413553 31.3458856945298 492
31.260838201677615 31.089419491624753 493 31.54271425977467 31.413485707247343 576
31.91904416932645 31.270484212327048 839 31.572037195093618 31.98142252406349 927
30.617089309884136 31.1694361039622 884 30.626224648985172 30.363593927192273 972
31.379207999673746 30.05694693414923 982 31.96595893860708 30.362483910931942 1021
30.34800232260604 30.65122753561298 536 31.558302162593723 31.036409169243967 621
31.696945859609542 31.648305465638888 962 30.233758582440096 30.610584322741044 1013
30.99024938829494 31.06283966644148 503 30.937641618424994 30.744381790213215 561
30.56021255092015 31.48177805541391 895 30.678786159949965 30.910251941343542 951
30.391618995114822 30.294589540424607 832 31.876232035213114 31.104959560531377 865
31.29879476701874 31.72677579032145 898 30.928251827654567 30.592960304627276 956
30.363110511128703 31.898770092407588 429 30.4147720673871 31.212920731866806 498
30.21484850476608 30.69737614698435 563 30.735636349688665 31.40331283772726 599
30.903928535660924 31.68487412043691 782 30.24114545528454 30.43315761505741 826
31.159172241551865 31.882918940720423 1037 30.41172477237564 30.909779589164348 1090
31.64357361056725 31.83843064289902 762 31.800077099247638 30.331502720808757 850
30.091926626301937 30.067070142898032 1047 30.795555551080447 30.872552910293212 1097
31.88579132474199 30.235338034686368 557 31.93212730743794 31.41565531944261 628
31.373265555248846 30.242725159644646 563 30.14523369813588 31.316461519867723 643
31.327663848051923 30.853114696487804 1047 31.33131161119472 30.630612730121317 1090
30.192404956314213 31.723033901587925 836 31.5916499607908 30.72635801293498 872
31.931891167564203 31.044783461668448 450 30.72468392493102 30.50130745946436 537
30.057375813794625 31.261143231686383 1045 31.292427943466883 30.10983765782224 1079
30.10256448084385 31.43950905787258 451 30.651125462718653 31.189230464714417 507
30.27357600327864 31.249550112557138 577 30.77106146269373 31.675145398974273 638
30.866243186574543 31.929660439356425 570 31.010182832446464 31.486010843959363 653
31.00930546501477 30.45604439154928 980 30.009068143197357 30.42322927313582 1020
30.400876303065637 30.10641091494742 912 30.83078795023953 30.89387677387282 948
30.377336871455768 31.52928845087364 564 30.830610155374043 30.53454260240765 612
30.50111376852124 30.248788071197062 534 30.309722406209243 31.03548795604665 569
30.357238707418293 31.39694712760834 440 30.36009997801805 31.5104475772298 513
30.614634630242104 30.296275354906964 998 31.080055874681957 30.971572441962323 1055
31.59455352800483 31.356965632120204 738 31.517532923773828 31.310031131790677 789
30.80452230434712 31.155373383103246 433 31.03443393201554 31.187517702310295 491
31.20534405468476 30.29799025600199 543 31.216668008092434 31.648947342848587 589
31.83930335679751 31.355577080132736 820 30.241297135831218 30.378501680392866 862
31.571047258845066 31.730736691282715 1049 30.37008302695901 31.73967830921354 1101
30.069938194671995 31.069293862529072 539 30.562833780347706 31.13918533936809 596
30.15550540408716 30.116451436873483 696 31.07445003010863 31.472469132458837 782
31.44514164919407 31.740227585961335 433 30.973353735708624 30.192210720567974 468
30.213750468792668 31.496264881365942 1071 31.63191094620622 30.01617850242259 1114
31.83093966713377 30.59483404208545 615 31.918598591251502 31.56978692614636 676
30.37378779583578 31.681180092174685 436 30.583224606837447 30.062882298075017 478
31.35861165809023 31.361819192318336 779 30.34821613261508 31.815745900715285 835
30.49865965519047 30.48130075821184 499 31.303629890029267 31.526452102439933 533
31.185205990554962 30.092893813905206 570 31.010436059321137 31.128470639201037 610
31.214872734035026 30.274249970488952 820 30.678412289209415 30.198172889424505 888
30.350789853287342 31.971615600156753 749 30.130012382400338 30.120739549742556 828
31.17546215266794 31.121464563842544 899 31.416753622578298 31.150951242582995 977
31.962926220925482 30.218891714071493 926 30.936368098901156 30.647134645616976 959
30.99969913860808 31.574214205140382 459 31.976272661560262 31.338494962508246 531
30.310168690026423 30.256159524697996 517 30.102309005163495 30.071076137738313 573
31.6528312377232 30.44892217608109 556 30.516122061165113 30.063782423498974 591
30.008910877496223 30.460574150979053 988 31.60237387535268 30.251973337572174 1054
31.01614306282859 31.5031863171824 680 31.672098679364723 31.25321530108407 765
30.102463416548936 30.444474742296826 641 31.170257454636083 30.945682287742795 693
31.400466163602225 30.210219420543087 861 30.96505743675931 31.04852909384337 905
30.35860288063599 31.76765525167801 640 31.185315142141736 30.384721438884547 698
30.957659652601137 30.83486163508116 870 31.29829615241943 31.55360594950745 960
30.440852271249895 31.99322066423532 509 31.43229981992326 31.352658134775172 557
30.817956771006248 31.240456494402668 509 31.744227165874374 30.6115803538502 540
31.44262956843901 31.718641455937355 757 31.09685713370679 31.426166085511444 804
30.635211339333633 30.234767076836363 877 30.20634372435083 31.585587728690328 943
30.60478489914921 30.131933458381805 451 30.087819439164264 30.711102039894616 494
31.987239824996276 31.464635610313277 733 31.440052725276374 30.434838409818283 814
30.334087860272696 30.950987866457904 663 30.347244366960997 30.114489078305468 741
30.99180609496108 31.632827802691367 789 30.865279569730728 31.811622449260504 832
31.251709576863828 30.6348314679035 814 30.233939506716272 30.606942373610565 895
30.965067913308395 31.076409877293994 881 31.853434670172934 31.293605896998166 969
30.970065858890965 31.58679530810025 805 31.26832572331656 30.836258348800303 855
31.481535700806575 31.30458969289206 592 30.692980455776016 30.291912234668708 670
30.057945064259883 31.43569204890009 450 31.683399387046602 31.141072745012607 533
30.70726536565759 30.449108101780052 1031 30.194266139035488 31.223949698791323 1114
31.79103342907382 30.740550342981088 775 30.619247507063626 31.683502231426147 844
31.539066407160128 30.039070504998783 903 31.2358042272041 30.635008617483972 989
30.457218179258497 30.40155174339904 637 31.928817815530923 30.928610996426407 717
31.29742271607862 31.763012448379108 676 30.989133206971626 31.169889760324644 735
31.44834714479898 30.22381316350897 936 30.361142712166817 31.511942371181565 981
31.55633642585383 30.093635160001202 799 30.579290257534822 31.715689499169798 856
30.621201787071428 31.660401521918924 853 30.628544841638693 30.407165168403665 940
30.869545749769898 30.394525870980104 901 31.556803169112822 31.164335728858514 939
31.59627083021822 31.82281846170454 619 31.010169841231292 30.036039705061018 680
30.821855793043504 31.47615753816458 507 30.211337206234756 31.397281540029773 570
30.026491977011545 31.55112105459678 718 31.070890971466792 31.2042248649463 772
30.303545961602893 31.135865964156014 506 30.61432937565002 31.976735419111 593
30.82954772083106 31.915449177818388 620 30.717219015644496 31.265705557476792 680
31.81838143770488 31.77327523077644 656 30.623525994665005 30.828144625241034 730
30.976585729241034 31.978746561947247 692 31.426588813364923 30.49971354202713 757
30.406038583592235 31.75159396673122 725 30.012532664772216 31.822690805936478 773
31.117090832812337 30.223973180908605 842 31.406830266388273 30.209438349866993 902
31.26916487965882 31.9287859181497 1051 31.800650740609107 31.643359178076995 1091
30.748002616136493 31.06039252255279 477 31.509304861686065 30.63261853133616 546
30.473435892570173 30.47224684282365 929 31.17615934455183 30.323061563221017 978
30.152633720015587 30.13161919263799 949 31.815082317045672 31.401911799022336 1004
30.78171900591205 30.5002048527584 528 30.09968749447434 30.907251778240404 566
31.890686808486258 30.61097693647974 651 30.16044174291682 30.438977152821735 693
31.43774500581105 31.13800660807576 630 30.019110176568656 31.246582230219353 696
30.42099261709134 31.761769293008378 861 31.527657515127526 30.320562312492147 933
30.006058671305052 30.255756761845873 884 30.511161734145425 30.769667493828756 918
31.662828392583293 30.952865675577417 724 30.948972441730636 31.791218462551576 814
30.143950517688474 30.92254729087221 619 30.226219690058095 30.079934779332568 704
31.92351215565991 30.032693698591853 635 30.18965159713659 31.869826360391375 678
30.19901851928245 31.117880037973663 721 31.999353898062807 31.505977773865013 784
31.610487002129908 30.382466779447327 586 31.466578997778097 31.26307368956764 671
31.88021807578514 31.67867028526137 627 30.75893565646161 31.157439154391493 678
31.18398040456253 31.55911661155449 928 30.985723853725066 31.88798828542777 994
31.069498781906404 30.034229099236125 428 30.821049479795466 30.243834529685707 483
31.045070521292264 30.14427028386873 639 30.203125463205 31.93185100815759 711
30.672617132123992 31.459075342819546 906 30.071275031137198 31.7229603724711 976
30.142682432106472 30.193291236049284 947 30.63536911054933 31.322426700899623 1025
30.614599776103546 30.138463809730702 883 31.44229476688127 30.49931804113191 939
30.252460041204884 30.887033580851533 699 31.345925343022603 30.449945567358895 739
31.279957061207906 31.34986810775348 632 31.51582217319713 30.833189650627403 692
31.49693298160231 31.075328833959794 654 31.01808851535594 31.14405864807013 716
31.077721196474894 31.258233924756208 1070 31.01115183047649 31.689288446528053 1127
30.30255638172899 30.128746753499478 836 30.408385890116072 30.863377270479113 883
31.227311829824103 30.010927166426136 747 30.595156154944526 30.663776515136043 800
31.274785883216744 30.854721217516442 462 30.080888944757906 30.18108386829842 494
30.425600785652072 31.470147378579874 1036 31.168690829371442 30.310504747487382 1116
31.328434543855295 30.07705863682851 1018 31.94861546579615 31.015271635253157 1076
31.34823478134803 31.62854114690961 985 30.00305633752318 31.36807435870574 1062
31.26098770979353 30.059888337453415 505 30.355252493817837 30.317605778405834 548
31.713261909932868 30.810263783815635 986 31.91745893545416 31.86630840238269 1050
30.47865038177173 30.00437337392863 716 30.440498488612405 30.625072757188857 775
31.975730051979045 31.3066425105802 867 31.325575012151386 30.374774855788683 936
31.854331391017734 31.784134467802616 879 30.316026093323487 30.467622525949206 948
30.41525991342354 31.9666466203416 1051 31.407768784346068 30.749822652242827 1113
31.28307595597972 30.178846253898747 726 31.031365779053093 31.188257150299503 763
30.76016804801776 31.30163749742369 620 31.286502286856976 31.79628298905306 678
30.724564530308832 31.747430303089597 485 30.173033454494842 30.1663887162987 526
30.550614540978103 30.31802376479298 671 30.742630088597 30.980171904741297 711
31.159703701649192 31.399644643991554 862 30.637801773746567 30.286352023082323 913
30.157952119550934 30.223140750368565 838 31.451277422787037 30.870946690111484 873
30.296135645448967 31.7718555027995 504 31.0763558298202 31.853158993276434 574
30.685107364081027 30.403857719825737 532 31.806794798656146 30.515935604084472 562
31.569887788405083 31.766719675058372 657 30.26532982415334 30.53961257832787 715
30.922574598437496 31.416079788876317 647 30.863522919797635 31.04494714076253 710
31.08461523661342 30.150211033077124 988 31.102853938232702 30.870245618142537 1022
31.6509986274586 30.66904704894469 469 30.86422879863599 31.276704247149546 522
31.366915370762776 30.817596256349812 952 31.896103279079217 30.00120569725139 988
31.565803989903664 30.099473551638088 1050 30.673883748980792 30.457202632871756 1083
31.291139855480022 30.571650686284077 428 30.22980534950355 31.080584613830855 492
31.049070642577334 31.724755899392402 623 31.42490823913688 30.089529830199734 700
31.790253239997238 30.45645827706004 768 31.996814729158004 31.017747608477038 832
30.05045381522467 31.46095849025382 754 31.376063342617318 30.997719068085875 808
31.616769862097687 31.614743796736064 723 30.942814189342354 31.516140668436613 791
31.093493977258582 31.24530716917766 890 30.113637821991098 31.198114337119744 943
30.825538557952022 31.18793655178435 469 30.203282064715186 31.959587586996236 538
31.283661574959833 30.90206099277074 1056 31.61968153865671 31.85698934557235 1107
31.820587768790052 30.03887435816234 682 30.213302252424768 30.961643576506592 766
30.56460563572376 31.906374048453948 645 30.23966553023362 31.339558380874564 728
31.5040570874782 30.64516302096255 1014 30.144694642396473 31.347054942402753 1048
31.36338482082948 30.952067449523074 935 30.476545955476546 31.94432560299207 1000
31.14174555101581 31.316369161135427 770 30.020525434761783 30.35298177802695 808
31.89431525048895 30.085496773956578 855 31.894015474803236 31.208415123123682 930
31.479372768077422 31.752742354675267 786 31.56244935696705 30.03033516835505 825
31.68236998231084 30.99418064406875 933 31.722236311169603 30.136226239274077 972
31.664449686140188 30.632908503895024 989 31.659348712809084 30.29355380549517 1048
30.042056588121483 31.483085970417832 509 30.53565262782855 31.368821687395616 551
30.85571040671497 31.118852577189152 1064 30.308812618762428 30.5991279507817 1129
31.825125464694406 31.0636125213639 1048 31.63981793449592 30.982416920081594 1102
30.053364228346737 31.82038946120827 846 30.080942414827337 31.063399752826065 883
30.53785069815273 30.20182147598465 586 30.49226262138073 31.622371583351168 637
30.820715923918712 31.77386952370357 539 30.58726757685479 31.695616269956833 611
30.660382514741666 30.75359512605325 1012 30.116233428812627 30.315884334674216 1064
30.786740404588436 30.003565973758324 843 30.500643225130496 30.520855377169173 873
31.111175295686934 30.875291054086233 790 31.69342805559661 31.68432566271992 849
30.66770061733316 31.08256887332138 932 31.40464625385598 31.06545032695554 989
30.388271525433307 31.751556783639643 561 31.08337928809378 30.201480902096268 606
31.50686518061818 31.701298933923056 611 31.13009494961346 30.402904569999844 650
31.185454131194295 31.3541493560336 700 31.5105256582681 30.42877004477943 746
31.532977659292378 30.178016958449167 591 31.95994791631074 31.411002583864587 638
30.378975638666837 31.76539460305301 800 31.789459701186406 31.21244315327098 890
30.408790459122635 30.170109684079264 481 30.246303428604243 30.58069989842786 523
30.58768379131393 30.297109096489887 552 31.335452320398694 31.43000105832798 592
30.782672208973533 31.111673859165947 771 30.476430027071398 31.886610890409045 852
31.408744019925155 30.43842032627876 1007 30.745181914427764 31.19574674745181 1077
30.340353331760163 30.45589125715697 843 31.578275003251584 30.987758448594633 875
31.666789644197436 31.42450362325104 465 30.88148992892473 31.41148707126461 525
31.511919555769527 30.974135595440263 669 30.73761283741425 31.9846696463123 714
30.460479316794924 31.961448303346387 963 31.507722770332286 30.519962983953885 1032
31.84163433713692 30.882563118224805 535 30.190024785947994 30.706879949942017 602
30.754508706772786 31.437902697212138 488 30.655971934361425 30.07460067663262 548
31.902000643380667 30.83106224124211 607 31.396978447133712 30.752687716707587 650
30.711838472817988 31.267365257957685 929 31.068999603870413 30.903388199812152 993
30.85816973620592 31.71491986001982 478 30.274789509774052 30.602129543178453 527
31.7467185942125 30.636786670528174 534 31.52392737747303 30.0536974670753 601
30.668705389984662 30.74285898757056 665 31.090292015255372 31.631858143458853 742
30.457239339513144 31.30290961138016 706 31.437241708926557 31.321584840916536 740
31.389067925615432 31.094165262564232 742 31.02807243273994 31.625026174292294 814
30.2962469078247 30.49561888360411 688 31.115390255011786 30.995120507078177 720
31.22091648392683 31.31375873820759 606 30.14796640584842 30.38171365357657 657
31.379459548702574 30.37289905869916 821 31.87252797800942 30.73733687188553 884
31.714006680518384 30.77420804604767 527 30.368738296040583 31.440135169097328 592
30.5651112926968 31.580976960522307 627 30.5192538490441 31.069376094809748 675
30.23220852061806 30.315248145083768 996 30.27062351851777 31.186064110658446 1038
31.205660123735903 31.98128843005466 649 30.601788584299754 31.426073404252655 720
30.31437480825955 31.618820901826126 791 31.891581681660437 30.818361513473185 834
30.200460622991958 30.76914046896529 545 31.518253351227216 30.478066116464145 600
31.385590205006594 31.56755292240471 851 30.4320436834014 31.407332059099627 936
30.823719725679222 30.728852304276856 1047 30.45815314901066 31.964382755304023 1079
31.298633054043368 31.818359365774587 652 31.332661528690892 30.120051415312084 688
30.13286668117542 30.084379123237184 518 30.291436816410815 31.321036080122976 570
31.519910170674493 30.547733978140254 454 31.464067943389146 31.855221867063783 542
30.387396527050218 31.829338456299087 523 30.181225608026168 31.39120153856866 559
31.03086727045592 31.52779912072414 578 31.95376694066138 31.154670610473694 667
31.00822579499391 30.693271610348056 523 31.236512664251293 30.33810392847055 554
30.78704325901223 30.3821281634869 885 30.82072397000597 30.094946451613247 975
30.90657802199461 31.35200903896249 599 31.147069313518916 30.585415493029533 678
31.30198627429192 30.74603779194247 590 30.29518230625364 31.777178257659504 661
30.877158787199104 31.858938546928517 598 31.743934959926953 30.67850493110209 661
30.32566392271136 31.717716153156655 788 31.71832698623446 31.879832277417783 834
31.524809786928827 30.955309957397976 870 31.073426124496947 30.23096654625155 915
30.981160967169544 31.705469701788846 926 31.474123131676514 31.059133917356707 1006
30.11621497456768 31.40843253770513 681 30.217225207362986 31.056765578210925 742
30.92872665742144 30.611859994846956 611 31.546127589064444 30.67621507938753 683
31.756895773074707 31.284095125961198 990 31.699680309470498 31.512982619125587 1024
31.282344496901647 31.430955414840348 625 31.357558087893036 30.188338941202435 661
30.79066564007468 31.47190664818464 959 30.714444532984558 30.68326752160604 1019
30.473313611504974 30.026556649090377 998 30.02333707425472 30.54786333318572 1030
31.01976094302872 30.603768252371697 1036 30.13857407640897 31.148770841632704 1096
31.56103826628536 30.106730745968807 655 30.06495016712465 30.384518654209494 720
31.407152780385655 31.210069209602775 857 30.706607506895747 30.541259247499603 907
30.397379772006037 31.542283846837353 1016 30.780627949028734 30.50254479128072 1101
30.32831985743846 31.41292486528412 974 31.042652300282747 30.745867343527166 1055
30.81469737363156 30.929367904191544 611 31.184083255100358 31.21101120418582 647
31.236815357043493 31.548246175746048 854 31.727244732667195 30.082702919344694 911
30.491392733415985 30.158100197119584 842 30.058074831237022 31.663343796780392 896
30.093357497887503 31.58230627247298 500 31.261180385073622 31.71684689851151 550
31.47815690704091 31.65598374981473 1061 30.57489051892152 30.73545180435663 1117
30.244678340286175 30.15945551314549 584 30.280100024102698 30.707763374557018 668
31.459488045740773 30.76349211615376 718 31.268584381176137 31.73594673595296 785
31.545820964754338 31.2516987260795 540 30.914579421641722 30.979782613428256 594
31.600437304356962 30.78016907427837 524 30.903516947305807 30.728014922576495 609
30.710931492082874 31.278952880705038 843 31.80282374114118 30.82255879572593 875
30.523312010248873 31.9840740065281 516 30.433507641399064 31.662418454893828 565
31.409133805194195 30.97472810008389 442 31.802665268404006 30.125049175379456 531
31.1843135749915 30.125545412487394 1013 30.20824500362647 30.38113733862516 1050
31.130781541609412 31.604427690213512 815 30.416993151663377 30.9699591473136 865
31.372210377692696 31.561866123946526 1070 31.33945874823619 31.78528352183904 1157
31.02211811176065 30.679920730082845 872 30.332522941067417 30.34484836424795 902
30.481604458498985 31.150992106630863 521 30.34603420388481 30.897354137750916 595
31.023137386875565 30.9039221398725 692 31.429042801488336 30.99441442008412 742
31.473049703702454 31.407755189596603 892 30.084067320902196 31.616075709318526 957
31.871339177239864 30.050470126400807 858 30.7025579175988 31.51922319480673 908
31.907171693776142 30.454298967573404 603 31.76187853366073 31.28341779017368 661
31.82751466598332 30.169158160478247 791 31.24745680656159 30.158906689833795 825
31.807857894522193 31.415593083658056 814 31.421529032108374 30.311989748214913 891
31.473773117567855 30.779179162960805 979 31.26582350216874 30.387081007178175 1040
30.906529954293447 31.671842693745475 548 30.80006334688482 31.197324584699494 588
31.751477396368635 30.0031747523955 1079 30.91281343879235 30.263950065701266 1161
31.32526515541985 30.251240566584286 779 31.706017609452434 31.347566197338374 843
30.128494940368274 30.196127253250648 1056 31.507098944013187 30.713427209081388 1129
31.48463589536685 31.745899831794716 873 30.944548567241213 30.962010937420747 942
31.01812558633051 31.69965042092973 1024 30.57389845916785 31.576130578304983 1066
30.557923617222208 31.13188975259531 839 30.05889639422493 30.814828783466012 873
30.047104301004342 31.58401619679824 613 31.560662299245692 31.222997249931453 674
31.458010617016967 30.979869560781474 758 30.775081986311594 30.962888667324624 828
30.23294136126755 30.140752230751545 811 30.46951661889288 30.92019979154668 875
31.813031905565712 31.855853426149054 1027 30.29580527826115 31.039638647030735 1064
31.72462935574691 30.143654991053786 658 31.712972356166183 31.602303570180734 735
30.631287533658924 31.221281303398438 554 30.86389526161822 31.247732320857445 591
30.768322733669233 30.527261180426805 550 31.050802139484382 30.498316839512245 588
31.759896688621467 30.31133724408058 569 30.10886690949253 31.409383049249314 611
30.73720363602371 30.8641630955952 1062 31.111017052461353 31.56374968193342 1118
31.66384681784831 31.669960957381154 622 31.033060041333638 30.966859413304675 698
31.85080042237611 30.70196915990849 782 30.108373523934215 30.739179422328988 824
31.903090256085758 31.57963977508537 1022 30.660453974961182 31.888548496697467 1071
30.827877267194705 31.830967223396883 444 31.29817221886703 30.35706496207323 511
30.19967583846832 30.52442324364994 993 31.758640141599262 31.92089851093893 1059
31.724493018641745 31.7736579853812 859 31.94785517445939 30.383317474831518 928
30.43964851153446 31.55439443562379 465 30.049436990983992 31.566753634495928 545
31.0072469302752 30.200466958931464 952 31.382600632378963 30.964668511572675 982
30.11868945081776 30.125428414300607 700 30.27892883283874 30.56963620075095 771
30.616413199702926 31.10199221610157 952 31.965026439751487 31.09192742599024 1001
30.92115253996303 31.52074989935746 817 31.412622889055687 31.64666923558686 870
31.598534312397824 30.04806614171051 773 30.497169714089143 31.250642038713007 847
30.120594229565064 31.524408536543817 890 31.80866951940121 30.890835559973404 961
31.74339418703454 30.161885989928805 868 31.213650201774385 31.36014470011871 908
31.780141438617804 31.585307151877558 986 30.54192902791084 30.672360913798315 1044
31.671398164321896 31.850011831529503 822 31.939421782255916 30.146173703011865 868
31.576878095097772 31.54579178412816 771 31.179740187172996 31.09048335478176 835
30.397345009183823 30.84275303872191 495 31.99677172223006 31.491742163314232 576
31.839918441794367 30.222812653049946 903 31.75683027541159 30.079605771094947 973
30.141943345624956 31.23944633698825 1001 30.232818985178675 30.430910925246906 1070
31.705252382642126 31.53621006158579 452 31.79976390979082 30.543712965942294 500
31.69461404168181 31.754480313970298 997 30.57579096184351 30.198225335991527 1052
30.061858213609526 31.417552493874773 476 31.072182860294475 30.967872088970022 533
30.603525070169027 30.54342312459913 489 31.520730905958494 30.30448750430519 521
31.36197167232617 31.44754801731538 497 30.15289674689258 31.574245384921298 547
30.551555982525837 30.059891606508746 690 31.09058460698551 30.115688433304072 741
31.12338516874369 31.493699128533997 1046 30.562321408352762 31.039571878509612 1111
31.756313340342796 31.696292823614446 530 31.44688954140401 31.42648017535636 601
30.933199871031952 31.329907254941258 884 30.488872148169943 31.99845553764228 956
31.96498013965998 31.62159358172981 914 30.158054029399832 31.560789065762123 971
30.15667355409126 30.828822021143644 729 31.41675135483245 30.79925352377919 793
30.869934938454612 31.902906489106282 835 31.223813502665365 30.28682939134264 902
30.365078721261725 30.503645498903076 986 31.12175934723728 30.557007052003666 1058
31.06382325799676 31.275111708286165 975 30.261978401093085 31.371430802714755 1005
31.185899779372647 30.169986774508466 748 31.020954652644125 31.485511579120807 832
30.82043607420581 31.785285441602298 1052 30.14977006160782 30.879521340779306 1130
30.23533389863322 30.885289055747354 781 31.9233614354523 31.072663142926377 817
30.52849495461692 30.675046371555016 941 30.89589747024985 30.693069846153126 1030
31.242961722241333 31.452272115092423 450 31.630421173631245 30.447063313885476 505
30.978513977676776 30.8737296726985 862 30.32015925118873 30.982910590774623 950
31.195975197233544 30.669863435146105 559 30.76774895661134 30.09039357141346 632
31.009189881641348 30.296838369271864 514 31.9219686247293 30.269196633150514 573
30.13858481428549 31.938971511588754 966 31.83727108451868 31.881703052684717 1019
30.67185253440985 31.499257606317304 796 30.715082923317453 31.856438098798545 870
30.565521166736733 31.07891096869135 479 30.736399935765956 30.258436123233476 545
30.57942146927296 31.732752069110465 621 31.938524065333546 30.842882837089928 693
31.02510686051187 31.283061824924047 1043 31.3922823037184 31.10567766069828 1086
31.982507252622845 30.426383399615503 437 30.923773187185986 30.27420390248327 497
31.324833731974167 30.316499008424397 826 31.755073004957477 30.84099099940964 907
31.10586467053559 30.29333219093158 994 31.513226406004986 30.941178916845487 1034
30.194020708339455 31.445082198459406 531 30.80631678406502 31.80045522242099 567
31.672782069843255 30.196603166907288 807 30.122674714067195 31.982820797121157 845
31.17421611564958 31.724168584199685 501 30.64323537677576 31.923261872124982 591
31.50988180459013 31.498411235575503 611 30.675259685507815 30.43612378324404 682
30.397982318996874 30.440871633246896 550 31.869745176958368 31.715185846170257 590
31.71020203977849 31.08318978359113 515 30.776491064797685 30.744225922307606 557
31.518050374370084 31.757718335429903 885 30.15228338515152 31.918097007486587 938
30.555458328676224 30.38257877922443 467 30.201678168053583 31.542362193082642 540
31.863455207073272 30.079245490572788 682 31.662396827137172 30.721612703898636 760
30.719020921121217 30.34355289587784 1061 31.42273124332963 30.189635884277035 1136
30.713765988520073 31.894134560124293 559 30.325230758950724 31.989730949355373 644
30.32095095492715 31.503570882725437 653 30.318838748553986 30.547315549303725 707
31.72261344848371 31.509974553168675 437 30.561795670003743 30.488697063955815 475
31.214261800321125 31.51860983251846 847 30.331771912156007 31.93405892935233 909
30.482216104430826 30.323783375146046 582 31.84511902718219 31.8921374211967 626
30.380124714086314 31.18583269140098 981 31.93548027174427 31.837636678205637 1032
31.21079082451556 30.345942813504045 506 30.474443557747165 30.757581172513692 572
30.746415445908408 31.19189024362705 1030 30.512449285216842 31.4141483463548 1112
31.88471013138491 31.772696811523716 874 30.44050184235953 30.681976284561173 918
31.282602269226654 31.670976652804278 837 30.30262734400869 31.34737098265638 920
30.404434803943055 31.29375070501901 585 30.061815910801762 30.2930045426445 663
30.991451438778412 31.925777719764014 629 30.880676385961422 30.583706171526263 704
31.945104638103246 30.50275990962819 894 31.17103109687869 30.921202882471206 965
31.382381092064115 31.551658803005257 570 30.433491243163846 30.8352952636928 653
30.548914947367162 31.797988359795557 728 31.356292920486197 31.739891730998455 817
31.88651679761631 30.047418141185698 726 30.342181133623434 30.27877767897952 759
31.402689395597722 30.315195901601086 816 31.816614841760142 30.869725139126462 851
30.954053437898274 31.04465567598464 974 30.581580018785772 30.283152659685733 1019
31.656872169575163 30.13794514632851 816 31.32802434629188 31.67117456969822 858
30.761502289065803 31.015968108013247 468 30.570392228983437 30.791952506923217 545
30.541677060313408 30.60643516922339 660 31.642295275264694 30.464986182647824 713
30.13440971285951 31.59403190437985 1028 30.547669116088443 30.741967423070307 1087
31.535220655317083 31.65576836828789 805 31.122776923502588 30.3385028415617 876
31.991741885881396 30.00040977510537 600 31.18221356245965 30.31281493814455 635
31.44429403373497 30.745682153100713 876 31.32679446558641 31.465144353830162 957
30.06363310671676 31.573000685871442 793 31.809531032975602 31.833519571146407 851
31.897622650465678 30.75522618475188 947 30.660769904944292 31.670926662781177 1022
31.92072812959939 30.923964075807227 802 31.24070942753682 31.096963659491067 891
30.59364186639126 30.314418439251973 789 30.83072673145389 31.96895135023205 871
30.084232569258877 30.14182730321772 770 31.526130206673418 30.05914579635819 824
31.85498694459002 30.499841681359957 599 31.87262843280041 31.366705714287857 669
30.428498820937154 31.67709423426759 646 31.794716871594378 30.483822791046833 677
31.96979623505914 30.764296939982213 547 30.924593570278518 30.178928885146338 635
30.184763004321002 31.087564507488366 533 31.772289463578705 30.190779377372934 595
30.524569413335016 31.348613394635812 686 30.205854503176056 31.47234855305837 750
31.35848486317707 31.491080531404332 571 30.469154701892165 30.931919535112872 619
31.729111069836915 31.616661095327565 823 31.559998116702452 30.094394885324284 881
30.388052663759797 30.767003140192422 824 31.67545029876302 31.61188566555708 895
30.715799464563744 30.938655138699605 754 31.075943923638633 30.698163650775175 823
31.72336603580628 30.048136020012656 667 30.69867544457458 30.745453731521707 727
31.245242142495197 30.935711028856634 547 31.395259204545034 30.44732548368648 595
31.156652441417073 30.36358511861336 488 30.08587110540444 31.660884019573942 554
31.90502440002599 30.837165844824877 831 31.31614431287788 31.960284511120754 917
31.9014357432295 31.750240459629413 716 31.141308838814222 30.32026000181767 755
31.4235344473729 31.4127924882068 661 31.288527851371914 30.215983479930927 735
30.962670235609206 30.963845307814456 855 30.050897381105976 31.691818669375817 916
30.070602379818748 31.22432035910321 452 31.3754123971182 30.820258832381295 516
30.163328821015938 31.451311163292687 955 30.652823204773398 30.7738671772492 1010
31.055954217159584 30.62502797464903 853 30.763320924999352 31.307401603639118 943
31.303652122800298 31.29623067514003 834 30.634434642202848 31.38005993281441 883
30.53791229163372 31.01943930280176 824 31.676325975856916 31.55815293523088 901
31.977700005746385 30.64867822299135 583 30.715193010483375 31.782679071646424 664
31.55974823770578 31.788957571163266 577 30.33811253252917 31.50867974085862 649
30.814984179406178 31.401106148175455 830 30.466071074032456 31.6654914378002 871
30.685456221231473 30.626460783966316 649 30.189861836156606 31.348614310052568 727
31.177521819103866 31.879865181081694 801 31.467915339518626 31.08097648985875 847
31.84133666211575 31.090559293937282 690 30.106822813478203 31.5243077986368 738
30.257638687557378 30.01052416155705 748 31.15447689223583 30.663625987337014 792
31.710935565985068 31.987009869045195 522 30.250588308033407 31.33595218367907 604
31.15340115037111 31.945976437314194 992 31.11485644431397 30.246125078761516 1068
30.875284718750237 30.541784358826543 1011 31.467487809934415 30.090320584420684 1073
30.396724832597023 31.235710080224383 656 30.41644455879454 31.625869365961172 727
30.611012975917568 31.318391648389703 868 30.36805466686974 30.749211170799736 948
30.470036755192854 31.409244813329224 480 31.708813077606884 31.38768977641764 544
31.408739140796932 30.647629677138976 549 30.9483017218718 30.718856056710056 584
31.33002759569396 30.526752654124188 872 31.053745936329175 30.7203461064456 943
30.91912978625967 31.951332065767527 586 31.790939242600636 31.71203483592728 627
30.957365413912264 30.446438799263085 684 30.617307278774835 30.379540294708725 761
30.579168095896577 30.42215929823913 594 31.395269486614122 31.164634305978193 665
30.563793419648512 30.368222991135568 921 30.335531091056595 30.733607319821346 980
30.130226583633565 31.58783242345266 752 30.657325526794082 30.147532991946267 818
31.46681067470615 31.012050778732412 779 30.06853481760858 31.133931298806566 833
31.622706885932896 31.503326757410925 774 31.60257406266699 30.391525134446045 862
31.451802485296984 31.051095211144133 817 30.964104132913874 30.78698794281331 866
31.32499549120886 31.64389126625059 510 31.534624754906925 30.513365719684373 573
31.273273671885693 31.779482557550644 706 30.644702510542768 31.797909477201678 792
30.240266577190585 30.069089107479282 482 31.127998728482133 30.873946852287183 536
30.72410294301891 31.006674465028414 824 31.424231129998972 31.254910375862586 877
30.685420722518916 30.897059509441334 991 31.994982848548876 31.57547952009848 1062
30.137320822418786 30.71770386605756 776 30.032784925478758 30.70935032869941 817
31.84071963298118 31.063749284341714 583 31.429067248599306 30.18661061202801 627
30.635099852547626 31.80355735727175 512 30.17497109568392 31.502705612040547 544
30.183135570178873 30.338108590248005 589 31.694814152603083 30.42567600526469 656
31.421578176563827 30.402812917184 821 31.867625580414305 30.700292138305095 901
31.285373854879747 30.034134049100455 784 31.053217245653258 30.740153329941023 859
31.54022872730916 31.427744099600805 926 30.734316480155655 31.47842184855076 998
31.199582149127945 31.0530913496508 866 31.66264459851352 31.163241535167433 914
31.938749164235784 30.591358653237833 1053 31.095179025972776 30.488814702108687 1092
30.255788772973435 31.060418880361727 559 31.667606508098906 30.61096815556128 629
31.732793683397286 31.356573216599553 817 30.288910277732857 30.230553048528886 890
30.491301669862953 30.99722194672599 493 30.47725027315048 31.93438542367233 571
30.755876245252452 31.871846625301757 1072 30.361327934000837 31.272540265430305 1115
30.496345125423936 30.72370148943641 627 31.053908113659826 31.539748584082954 694
30.715417063857274 30.12694641441323 959 30.136338695191334 30.58242730243968 1011
30.932651596150894 30.123543512641263 846 31.604226711041036 31.891036136004494 905
30.685023067737962 31.99977704042779 497 30.371060577223464 30.171322378276 573
31.24657291334661 30.72655140496527 756 30.97499655782759 30.217900246578907 843
31.906652525639217 30.556709384579307 957 30.526737769166967 31.09174711822985 1021
31.77280139209823 30.379599150092133 862 30.569364218928616 30.519396777599773 934
31.777739812404523 31.86262479043008 1032 31.768083007594925 31.044756954926868 1108
30.97252197747144 30.270698734219433 618 30.900576270988804 31.65832398626005 677
30.90755817640559 30.31779268949941 702 31.69786955193182 31.139854061660856 742
31.10618666398665 30.12359524469882 624 30.613086078222693 30.788846476622783 707
30.804470161808556 30.10198915554544 1076 30.362505587678225 31.275302782685294 1161
30.520660729055532 31.38008255607707 643 30.563871420593074 31.003020914497924 687
30.388416344881065 31.50526231061568 623 30.070787832798608 31.997632932743723 696
30.157855528827575 30.329603559270364 784 31.3407099786942 30.834654532963896 830
30.116045782319226 31.45998080606026 893 31.712159242724372 31.254453553139356 926
30.976417491341774 30.50573306010446 877 31.12971445338933 31.31019387965076 933
31.163011576538178 30.591149703591515 741 30.39323909015514 30.374318335246397 787
31.453979783353063 31.944253384513967 842 30.261388869568634 30.62559884923745 905
30.01354013382256 31.3420092316267 954 30.15444535304746 31.55818895472976 987
31.098179948097805 30.49409572677484 571 30.995378507829013 31.333270548819154 612
31.302509131905865 31.461086739619613 683 31.838290706114417 30.892611510555447 750
31.578491306366924 31.764157317168937 805 31.18650501777366 31.632201900488017 859
31.574219501471298 30.013455904467225 451 30.48137587723432 30.067620045694646 515
30.076983720253565 30.738261201549165 783 31.895648002856596 30.983834989105844 838
30.5902631921453 31.245013711541297 492 31.04703076530687 31.25385620858262 555
30.403465555645703 30.531808004567047 975 31.074042246239546 31.031486471117702 1018
31.897989366740315 30.746558284161434 534 30.521549051744874 31.969308835027956 579
31.78655911295362 31.13846103475371 1029 31.59468627783764 30.681271609543103 1071
30.683281587027896 31.38924244469338 497 31.206337947941005 30.59148540060663 535
30.31045705980198 30.29789541875201 588 30.831500950935723 30.219766819275954 651
31.383381398222255 31.743943659287957 945 31.74503833969941 30.326203580306707 1035
31.874657299297173 30.98767462188632 835 30.879889572403044 31.034122321004364 868
30.451702523871695 30.53361062755684 762 31.64208573691638 31.757355388060617 841
31.029798776006132 30.0894987632674 879 30.38739679129547 30.99873210868831 940
30.203961812819863 31.456946566713803 901 30.00991469430624 31.832532545480287 956
30.11393750476243 31.718776232117175 613 31.860295506955147 31.114190139751496 681
30.771187934186162 31.621970713440774 1008 31.595306823072526 31.859791442905795 1071
30.953202139231884 30.071259218254248 672 31.771944669817685 31.565706070805458 728
31.429094663639976 30.049655391317213 734 31.470155214010564 30.232268320162564 810
30.505233489425798 31.455024817276477 441 31.870110665235853 30.179902871729695 525
31.870420965979147 31.7701266520391 1010 30.532878185718836 30.762590774815695 1058
31.61450725787932 31.70873391110927 667 30.688278551065164 30.78984403570124 729
31.233487516957645 30.254752794862238 830 30.140034751772912 30.567254789416005 882
31.999722814735737 30.743832425686655 893 31.62737634838268 31.75810299900413 983
31.34645895041178 31.92388252475036 576 30.967763175854994 30.653997597304112 663
30.351333471201613 30.514958022621652 1076 31.881552282071116 31.907520688065613 1164
31.32205462221652 30.69956028746195 756 30.02536427222041 30.086210565420892 815
30.224666480976293 30.60086173890306 423 31.60673953484786 30.782234230211248 503
31.952787637494378 31.0771557414035 892 30.719787509726658 31.532592807845422 943
31.00026129066713 30.528944133085773 929 31.262788772804196 30.31562623188779 988
31.713146237659366 30.68024035938825 925 31.58849487417556 31.939335587730064 974
30.797241694461885 30.056918393901647 690 31.383818338168183 30.01980970229042 746
30.202788176211687 31.863549014324896 536 31.2819858556131 30.036224249447244 604
31.29427271533894 31.241026619225373 773 30.694935337867623 31.351701528779 857
31.83526862391597 31.0839177068922 486 31.741686606954556 30.54749346878382 558
30.282331110019115 31.35563381077425 591 30.405240945962287 31.440249928641197 627
30.08618169323357 30.53564252744256 538 30.79635984142766 30.72144772663199 605
30.131652563117655 31.584683721182046 901 30.39400989187475 31.60017018908721 944
31.817936594403562 31.538018392655243 852 31.191123774996953 30.365162676302138 919
31.64231597030579 31.72515437058787 491 30.419491427477563 30.767350741296152 538
30.46963478745967 31.74676927396206 1052 30.139958766100847 31.285741324035133 1094
31.348788701169553 31.498577978081872 666 31.60217985398178 30.25620393950308 728
30.230043849464177 31.076891134697295 739 30.9815250348421 31.375167902082104 774
31.33328892072476 31.81864558315921 470 30.727005215806845 30.688394808584547 508
30.097685030702724 30.202278965257808 517 31.524761458393222 30.069035366443483 590
30.62840668315884 31.33203852631348 616 30.726487870956408 30.34740202372255 662
31.942837383353485 30.951283792060075 1078 30.592911515647035 31.257001871275115 1121
31.346908172331815 31.160284072126785 915 30.30790206069185 31.808239467089283 988
31.540223327932168 30.948485392046717 855 30.784943851130247 30.222314320025795 920
30.783947651959046 31.213246929025846 749 30.76626144971833 30.0942373525856 787
31.699833765648375 31.874447461955892 456 30.573546542729886 30.990945218530086 488
30.531688639746108 30.883856863658195 904 30.65141330911936 30.638826426990235 969
31.22365515762829 30.916636816548305 575 31.562587729201457 31.90526111588228 640
31.62352192946368 31.46408294095353 783 30.36642932899407 31.431358494312192 821
31.52308990939991 30.853160678106743 1006 30.524588104115086 31.95611441292555 1040
31.10334003906591 31.83841960457011 890 30.22493264599474 31.54626031573474 955
31.75963360128998 31.872929299417493 834 31.88124087992162 31.166229243616012 889
30.3402219401095 30.62330615166162 941 30.670244647202196 31.573577889222477 1024
31.19410278175929 31.855812754900224 758 30.68818392972058 30.352241571879077 821
31.311352337807268 31.902022127596126 1039 30.46962852033422 31.83217495401033 1097
30.76199742589897 30.636877228524614 571 31.515504892385202 31.98236777721387 621
30.709221455755056 31.46332384767968 943 30.783932911389616 30.46474248972566 1008
31.187739610624256 30.098078887567787 805 30.763746875518574 30.002539543778312 850
30.179378146110658 31.902978466300702 600 30.923979081942065 31.855319240706944 679
31.706383241564623 30.518836850185643 664 30.730472443410093 30.808694497671688 715
31.16168808490751 30.975640381546658 783 30.690094894672775 30.540428429198748 816
30.33351019813679 31.62781827712595 805 31.508145255080976 30.752620553719563 855
31.555276470734412 31.183691440347364 525 31.699348714756834 31.876961924319275 559
31.378807159243507 30.46885384134541 946 30.480220186666543 30.540347990905428 1019
30.71834621587369 30.649963148930958 774 31.405020538386335 31.981696728127222 824
30.22790804489205 30.399324230433376 895 30.110063969602024 30.01348814258467 937
31.35452461574087 31.89383799068804 881 30.575050804856573 31.187485692714052 957
30.431140402221594 30.950370683190457 1053 31.805100761773556 31.166371825184484 1100
31.66099111616523 31.304407465332986 851 31.556731153956495 31.277331748237053 921
30.236214821679223 31.154797660455422 850 31.352304184300888 31.350868305340608 917
31.588517335494114 30.267949469904142 821 31.58847644243644 31.63120163627829 900
31.03136074511696 31.82685701124672 426 31.951539883287865 31.20145936204108 464
31.863836238534397 31.478491830773308 1076 30.678512786473895 30.763939358081856 1108
30.780896201076683 31.239935638219624 532 30.891288820694655 30.439630563213722 610
30.39858416398106 30.745277937573317 849 31.17957561930124 30.623885101040834 905
31.623461375890066 30.72525287000866 904 30.328991645906328 30.879241304989755 939
31.999935704719082 30.277078657348824 722 31.99308793932061 30.384900684462803 762
31.23987840782097 31.30742332781207 754 31.802706612267087 30.608521712069788 821
30.88131525084189 31.822639582257406 1023 31.93831161301196 31.61755345479254 1085
30.20408629116184 31.940110874475792 526 31.682099912814117 30.988731833394116 608
30.92846880113937 30.558816343672092 451 30.095063532083042 30.371562663648653 493
31.05931843578022 30.62439806517924 750 31.792426772241054 31.749584309316216 790
30.071977355432733 31.704976234337604 498 30.055785837754 30.756281655397746 535
31.024070669826017 30.864123176585764 441 31.003647627825696 31.60167529329061 496
30.525927265619686 31.785117320659886 467 30.82934735616978 31.52628718695842 520
30.58456609100049 30.249851004017742 966 31.96209617714853 30.418997103229135 1055
31.935746176405935 30.747787082624228 638 30.051074622930408 30.665596268332557 676
30.46111468687052 30.92495106572899 910 31.074784493956766 31.54831046228947 988
30.914687697129146 31.718226356389437 640 30.929367258976512 31.640453756673768 698
30.68415784734961 30.205616042806618 908 30.925389289210443 31.579385958496967 938
31.172957376445734 30.662877627805965 1032 30.13997839384124 30.27629298730121 1107
30.08339086330324 31.71200277913782 932 30.61099542160069 31.651718131141592 994
31.828058917702098 31.840635024955656 798 30.431254243710985 31.50448155061774 863
31.700503264610948 30.30862834327095 615 31.529172257808188 31.327799725141283 682
30.107368653071276 30.30099046999841 1007 30.63940039118819 30.21849375535328 1079
31.981379837681025 31.234331871093293 704 31.355551761286208 30.814248094011973 751
31.261799530568496 31.774703213896206 486 31.4932364755814 31.258312433740834 534
31.82570502489186 30.410038626256508 428 31.178326084906328 31.25620704464528 476
31.339500533284518 31.60026232319152 844 30.65519242643347 30.441967172611406 896
30.92818773974424 31.7175042266277 602 30.599587685183813 31.54126197813288 685
30.350303025878393 30.556818185053704 952 31.552019476243366 31.837792561761113 999
30.305072816397175 30.04187082339051 927 30.88396466530262 31.229033268983805 994
30.684822839764603 31.206880956357573 1018 31.726035841389393 30.305786324761947 1072
30.120138501837026 31.807665081176097 610 30.973257972349572 30.691561831864483 681
30.863103855256476 30.350569309754043 684 30.47820718782031 30.2766017419486 715
30.598413313322496 30.913653265459384 482 31.281031213212035 30.409041446180733 527
30.8174509474624 30.02485650961763 511 31.74040702523365 30.80031792120155 563
30.82529778349191 30.847729393350996 534 30.359373640415264 30.28843355227544 599
31.508187580042176 31.803717668392064 760 30.597700571345147 30.662650851517398 795
31.816216877762365 30.48066993715987 1024 31.52685633460332 30.066904149652693 1056
30.766876950344976 31.943789601933734 1045 31.49874678879905 30.406371905908486 1124
31.110196329263786 30.717204496307218 671 30.85181284519661 31.898236317794208 729
30.415253745540834 30.034870080846982 765 30.39966561797649 31.05866026471932 855
31.68653966858688 31.862610117503564 767 30.60455882627253 31.746813272221154 832
31.61043720981121 30.804672953702934 759 30.77813679532637 31.66685676568808 829
30.792519371386298 30.629685280485248 1051 31.056278768589607 31.0899012689835 1124
31.920263606446838 31.97025286153589 502 31.476534236488252 31.68428772604058 535
30.22601780241329 31.812793129066133 588 30.47794117170119 30.416312349516776 625
30.1770038606424 30.255745501093344 587 30.589875943663387 31.103933539206345 629
30.08401812122777 30.711041180401576 501 31.85387184448871 31.66862052130101 569
30.85733030955686 31.979672631776968 429 31.25205401215565 31.809259659250277 512
30.855154465125693 30.39701786793861 530 31.93948675135767 30.15866115928672 579
30.67110597425313 31.57140979745923 1017 31.537902026496344 30.263193803509434 1047
31.72888221469874 30.324846616096444 656 30.861980149179754 31.678001795599265 698
31.934784775288616 31.37735311114032 658 30.946953455427906 31.164672216121375 733
31.274815306084374 31.812241991429747 603 31.934271630375278 30.39227361177549 635
31.95453080677946 31.281796089372744 829 31.5390917701198 30.062604967680365 860
30.823487914794118 30.791877757092 861 30.00963314586472 30.01055481834294 948
31.94669088110898 31.934177603045608 491 31.968320229951637 31.322737024566997 572
31.08613336529836 31.10631438940816 962 31.276813397090272 31.097767556966815 1039
31.808857494336177 31.049328170666232 786 30.241899020938174 30.642139120567485 851
31.765214180330812 30.682403081049515 880 31.990760560101272 31.523231329004958 949
30.05687677165323 31.72996116556524 948 30.944792709629613 31.189843642951377 984
31.7402027878513 30.32306138582634 1069 31.785070654298487 30.646826331763194 1159
30.480396485941515 30.216479130667402 709 30.862878430520865 31.46391448098186 797
30.339708942040986 31.46139029767573 483 30.19287369548412 30.521643775976276 558
31.79348080707136 31.567646110104064 1071 30.796611088005257 31.48836164140332 1148
30.37893669256978 30.046525797925288 495 30.54472035400788 30.252090898529488 576
30.53977706926426 30.206900810352735 1078 30.2416968352011 31.431300695366637 1149
30.06852788768086 31.39410684428911 856 30.968393821223916 31.280706039886496 888
31.31825973834363 30.307959873717568 608 30.217619746675272 30.820504890827646 661
31.089985145179373 31.798076016469906 851 30.393655099351022 31.415958253190603 887
30.860734382159244 31.99392242045352 737 31.055144432497183 31.211395002636575 827
30.961250633239636 30.788349720815628 671 30.834724712394497 31.744556197374862 736
31.637925153022223 31.542971252825097 784 31.23672903604977 30.070504948204793 854
31.36716821147574 31.53288311964402 712 31.151984693601285 30.05428858846527 766
31.42834113668966 31.13953892093313 727 30.840938486884284 31.898962694103897 765
30.70437215619962 30.40625202897307 790 31.924745499223125 30.37421911230955 865
30.404586916009357 31.59268769995495 563 30.937270257280613 30.25741600286286 650
30.613055291320055 31.50085090940073 743 30.173236994883926 31.89156919948908 816
31.526297534314075 30.601404907064506 794 31.999513899242046 30.820652106136688 856
30.338300109213797 30.942912994556252 485 31.025211363251483 30.88442975520813 553
30.23427789566867 30.711945999128734 947 31.102809015515337 31.47168024021829 1008
30.538721686089087 31.33532733704129 644 31.244605593105966 31.313166486169926 683
30.42524863022674 31.691296893535362 663 30.762182130696523 30.39844228865716 750
30.4698710378504 31.987406661319877 471 30.9449465966882 31.213357712079745 527
31.69208221153439 30.563230321510638 516 31.942716883801445 31.22744083063028 571
30.244860204262995 31.721111719420747 535 30.230340177320105 31.279739496144956 614
31.916922846967235 31.86627293236411 662 30.1199939861872 31.741087441572336 711
30.14432588588563 30.307325618284118 557 30.714116845989768 31.105853437862645 606
30.508518714254098 31.534119932048526 913 30.871120027485606 31.139904669633307 966
31.43397897976461 30.15515293261282 629 31.926416584533648 31.813827684434273 677
31.20080784505682 30.359608596113073 1064 30.006869151681737 31.35276851493489 1134
31.346177423781985 31.46916523399743 723 31.26945213574381 31.386120185127723 806
31.92337702655359 31.980463840645854 631 30.873948840788604 30.11333359480418 671
31.14756539075066 31.00180082751711 1073 31.275632996563832 31.674643709128553 1135
31.676611617825007 31.170186580385018 777 31.746765708901094 30.70122882645168 848
31.401018550372648 30.04522316413022 1063 30.193086409627508 31.878744068064 1146
30.206298113114304 31.517834729878906 632 30.693624349375934 30.03435120149996 680
30.483181831330167 30.717496585570395 857 31.97841519420351 30.272207706195452 889
30.274189803807623 31.722584394515884 1056 31.844386949556135 30.99066455417722 1113
31.766590459696264 30.022264498603857 740 31.552066903942027 30.368043703996833 807
30.17323669562808 30.87350537989962 516 30.43361949697115 30.192879595470142 548
31.078288223335907 31.326319343729494 722 31.800978331712713 31.102430584066795 811
30.162044198528143 30.09213088398685 473 30.469884446523206 31.162058912323747 562
31.267001167778915 31.81503568119753 986 30.623530160174145 30.814605828035873 1045
31.6947014630789 30.497844623182203 621 31.900640762952793 31.491394333288685 680
31.43109906962183 31.664132086589714 539 31.98058178083533 30.382791871853964 581
31.251883934446614 31.918404836554142 940 30.391484684860828 31.007758264304282 1022
31.971948140633522 31.15552834558305 919 30.006201789429717 30.454023540800975 975
31.92430005902559 30.91099390352215 921 30.701614688916614 30.982636692984947 998
30.451600514410167 30.34236901877586 864 30.848560809495726 31.70717006739552 904
30.202962208969527 30.680857999995947 540 30.009069233810624 31.3380530582588 609
31.1383471198515 31.05052731734597 757 30.35019360636408 31.976236664292763 823
31.323885027023078 30.511259893740817 705 30.960214083682757 30.282168717731302 746
31.6739459448507 30.798305622693764 480 31.541398919264076 30.79048917074317 514
31.398962169852823 30.846724784020136 635 30.62084169709957 30.417679257534232 667
30.848659041276353 31.281961639497197 566 30.456310038373854 30.213428792165857 638
30.653539334519607 31.801307809688637 763 31.238538834233424 31.362745886394066 823
31.46908746044099 30.11380129737116 1050 31.200799021698433 31.70314378408234 1118
31.036444204561235 31.377592296736474 624 31.133352971411885 30.34057101345889 699
31.671875197277892 31.195263997712914 478 31.586753968710727 31.427783976847184 527
31.5781601130492 31.094712406004042 1011 31.22384260437308 30.707714703724886 1072
31.373444981334337 31.28256074127526 971 31.259624067362267 31.304963678905306 1041
31.313865521125376 31.296615720288873 597 31.966306457226523 31.571420410204674 674
30.298641397366392 31.15015022909386 1057 30.123784459370924 30.546936730424264 1129
31.940657850224195 31.97298063701096 969 31.29261292516059 31.749618669418695 1052
30.02753381835185 31.753003709341787 671 30.082060763013278 31.78158256797245 716
31.983503160625776 30.104819549272563 1054 31.041314214112855 30.56124852676271 1141
31.75485833837249 31.083505723777435 886 31.29818813360463 30.29931111334596 917
31.83423682145215 31.59785079557443 832 30.746900757016096 31.753139133136536 879
31.1820954027678 30.093247618165613 759 30.930019377325348 30.333903572074046 844
31.830307009986413 31.97389408094409 740 31.059728558749782 30.613019570953956 814
30.25106840270575 30.277920333546113 886 30.173261846329197 30.855193273176532 960
31.42456206823883 30.220117596704593 595 30.67958623100445 30.93096894351898 660
30.442651959366614 31.991667821601162 458 30.362756407073956 31.325243043884278 537
30.434267537556927 31.74210507898318 730 30.613256202782665 31.02330011319963 808
30.968528734435512 31.538617847989137 626 30.808132226156665 31.628741527224303 675
30.79076051713761 31.988825547110434
31.96146803491229 31.94389475343075
30.83286404132585 31.724503044473636
30.016230973561882 30.5085898428153
30.594840826755743 30.41705608283691
30.77742944884356 30.6999050216105
30.46003807675829 30.37271430207798
30.056923757184105 30.186365050717193
30.794994932531118 31.643696485957264
31.896719200557033 30.61047529512349
31.639033820719096 31.7814136521113
30.085319550575733 30.424142690773014
30.401169465774412 30.24384756311063
31.078038675538785 31.920372053689473
31.998695019976033 30.100170705104365
31.786059491914678 31.95497085673596
31.023546452515408 31.32891024457966
31.093581174328886 31.94231355429131
31.748103908921575 31.717912459301612
30.739095792184546 30.21166142903006
31.895285157967656 30.688717655777076
30.17361188570994 31.849603443963282
31.054836603342093 31.994223840459316
31.99023311884607 31.954187260023364
31.206104967230157 30.703163692368342
31.025380283942177 30.403571931527136
30.352027096151353 31.502543306382943
31.507485337584257 31.4675171781781
31.974801962386216 30.28202324451518
30.19489056909401 31.697777207877543
30.305858911793656 30.609865804829976
31.48303533133277 30.618841376628886
30.387542197293204 30.878387201141255
30.039857073970538 31.84752370216519
31.682463619496644 30.704247335124638
31.12643718286077 30.823342941565606
31.130577117588697 31.311515065642592
31.49392119547184 31.333182844249542
30.836004993800454 31.38794328545187
31.525708935005706 31.119991376278318
31.325145646329037 30.392454075486565
31.530093369457337 31.29990707343239
30.730646453823603 31.38738062929671
31.032808051382712 31.269188792261463
30.453200846843202 30.863461788280556
31.49245604104073 30.334331139797488
31.446988587970523 30.20859515809472
31.304436524005915 30.62704945968944
31.28255761386145 30.81205700153455
30.02937459845422 30.34956583545952
31.879347361181676 31.359332346397597
30.213598617378366 30.062687469954803
30.490769358895307 30.046412887805104
31.601866840515978 30.129969228106763
31.261518105089955 30.74243425716074
31.55412313390536 31.214952485692343
30.968280058499797 31.58281699667312
31.476254859201855 30.286707951506752
30.53129596602817 30.838482799865076
31.026739169850295 31.28114101676635
30.948332122416698 30.698592327751495
31.62240090990138 30.710309965002608
30.15987442520818 30.80755423407821
31.52000908718912 31.815339042483373
31.452107779453073 31.554980428040555
31.886874564530984 31.611432576326735
30.187105928872427 31.844226131579177
31.39259867645185 31.466003262469822
30.906278622002876 31.92433308869461
31.092184900967208 30.836907117135357
30.49325291532708 30.99802514800548
30.462854492993692 31.757992864748527
30.6372898564741 31.576123161169527
30.033300248864265 31.75331759443876
31.19606182366171 30.87818386030959
31.607718030599482 30.314156853947484
30.30203998338583 31.645629174034077
31.410568845083944 30.94070960253792
30.533313919316836 31.660987457684545
30.152338172326274 31.26956729343624
31.91313881917538 31.41772406170548
30.61806420807111 30.413344395761413
31.33037647641817 30.407550217852698
30.096350889544613 31.8605604860448
30.017050135476246 31.354875241277988
31.363541191300815 30.59401543125314
30.581392672729535 31.929330971248852
31.284217261685292 30.021375392776118
31.299375851406147 31.98346820084779
31.521293703691658 30.297405490656132
30.96554512521861 31.265702320822765
30.578277062966645 30.42415148202755
30.91358041328076 30.254483210170203
30.324178561143924 30.287115240978068
30.922076397566546 30.788742678980988
31.428005450122654 31.12779705488902
31.08265940567987 31.971124305735046
31.279864469662712 30.023471855093746
31.042843836656893 30.497526884895464
31.849351686147756 30.622661551539824
30.975467397665362 31.376653086421648
31.12834660426837 30.611945966395382
30.849958352391404 30.46019010258086
31.812348966686315 30.513810189031624
30.07356253048463 30.02807106414271
30.959008569935232 31.231698721294435
30.16993847495444 31.693817795035685
30.43960533805684 30.212730495528817
30.4212008818763 31.550464313523
31.65331932763581 31.19013902391642
30.316622323234192 31.05795152138794
31.450087096056517 31.57184459280634
30.101801378995564 31.34781540208461
31.0264328466935 30.753224711341563
31.392016320206423 31.19762238104523
31.744412182922147 31.367824389564458
31.82754950826687 31.343416188687648
31.805304355191804 30.301076456345534
30.78206045937647 31.673426435086633
31.50500417885933 31.026583548977367
31.821676701882392 30.30287279989906
31.65020063520166 31.36328988909286
30.948531560420907 30.545814407768653
30.38904388208481 30.943649650538756
31.3953853685501 30.854567848909227
31.475525741225923 30.706288135082634
30.18722024933666 31.01693392828525
30.039191467223116 31.986481292779906
30.546401125916834 31.403829428257716
31.642363119278954 30.412822855967576
31.505644413582896 30.50050268812101
31.526070398816284 30.77919829689764
30.824111443569524 31.728208861773975
30.43952372060569 31.129964058847612
30.383551498243698 30.010687781450766
30.946874200393317 31.23808983591969
31.43782142929251 30.033519864683996
30.29063620956661 30.139617513181307
31.62734211392586 31.158577348712793
31.886671555950937 31.198680632601096
31.55224362104303 30.13898828138504
30.71565741914705 30.00740307339141
30.716040224930587 31.822597273509107
30.093118937859764 31.292768770273934
31.229827359871194 31.75230555175707
30.242007202127432 30.490986006823608
31.433085439170306 31.61482640965961
31.46652882967465 30.74395934830473
31.426389718927954 30.26753067637076
31.10357245041724 31.190734506546058
30.128024999341164 31.234383483736543
30.834755378241514 30.969101388194158
31.468830566385186 30.708742542249567
30.565271463172603 30.331508265813444
30.00878660471928 30.551779431242338
31.073527870639452 31.219130251926344
30.304759098003004 31.010007489790627
30.063921074406515 30.524655995656822
31.40151682555239 31.163922667317625
31.213126583697623 31.890987038465195
30.697771439464592 31.865294384499546
30.198489969144518 31.53383879011174
31.96828151586428 31.353113342718654
31.704912707106487 30.927919828205706
30.443154817059142 30.995505162451686
31.70053458696622 31.76375877129975
30.280566428463473 31.25948855188926
31.74935430577956 31.710893652980353
31.10619529975518 31.93497760326792
31.981400727970154 30.00670630190833
31.858678943429844 30.361807838892855
31.54610327052962 31.322727930480028
30.604337307673294 31.419158191060966
30.02413189103036 30.812294769501637
31.02662339889433 31.318648465935723
30.038600222266517 30.86836010702047
30.07930634134591 30.246779129619338
31.67632861556963 30.448213370666025
31.339956857640235 30.16654116340138
30.222769220459366 30.09767022723151
30.00228609923876 30.9889177601066
31.284232892879285 30.94225805851432
30.098010088255045 30.279454673998515
31.29695753870083 31.977983100297465
30.03121759997162 30.186578121016662
30.312066511059676 30.559594214584298
30.169167429424167 30.001465293462996
31.741297443952483 30.1591566131541
31.57700684023553 30.61761792255272
31.91330536655453 30.597759628086862
31.47643358451338 31.995190762620005
30.813241956865607 30.257354987733294
31.985974101023725 31.545379108387078
30.923078254569347 31.618230581343074
31.396806280877644 31.97853055475992
30.01488650556824 30.52563316956456
30.004146328657683 31.591629470883696
30.23226219242375 30.068947861134532
31.25196745518967 31.771360303377907
31.112633630148604 30.9495692645209
30.666975711059663 31.224825550340046
31.72750854492934 31.924233419696368
31.288980220341564 31.592585899732498
30.596964206494967 30.77515221444303
31.58176721829285 31.321410149776476
31.43352183246897 31.472538988079076
30.083478346750788 30.06330711800506
30.532317258530234 31.251162105246596
30.51680662291689 30.316474701891863
30.85521201258135 31.48886859478245
30.600750897250645 31.14799173114107
30.149938425115245 31.290957912521574
31.915112491616178 30.079552554385
31.010299556542407 31.71189526111283
31.6959572596427 30.34447025219107
31.582735808931837 30.866178122452347
31.322351142554954 31.112682697341196
31.65177353700938 30.97735567315716
30.203912884351155 31.475388705710355
31.197886367266793 31.82424665277401
31.612527657829087 30.263807708222284
30.88754507427697 31.14192611790352
31.70744613915585 31.650638862912686
30.514529945726327 31.63858210500784
30.976869168978688 30.497132176927913
31.771427877002886 31.882475660419278
30.54443390820769 30.512494588234315
30.307289509378325 31.675665321797133
31.936161179243655 30.310602435789168
30.022554914152327 31.016006094363366
30.944023604001966 30.96384060522199
30.005766813054976 31.2450680017361
30.450429059474647 30.670235449411713
30.39717235031793 31.718998198907425
30.51299493562852 30.671262299960038
31.5306223684742 30.22743731187881
31.571137582291986 31.939291069026467
30.918152897920294 30.21145226152942
30.839692750824142 30.902311247628436
31.974463327504775 31.721344599296355
30.548193830233863 31.93234607545445
30.75144728554779 30.30126006006053
31.50844718729079 30.642436658355095
31.079271352918184 30.726226964397846
31.677039013587265 31.90038313415095
31.055255952415298 30.962566021516103
31.020618787656716 30.642216244384187
31.708533589771697 30.646683325251452
30.354270049734435 31.26769227312452
31.081780654182896 31.921507754457718
30.329898635812235 30.30703646529987
31.799491371206873 30.07823066337027
30.48781258290088 31.98113225364064
31.012789359701134 30.628209468863073
30.41090783386959 30.418768963818092
30.16054322043299 30.953055580087305
31.30078455813421 30.29682879323173
30.561344470210695 31.909265157780393
31.807695942173414 30.7334700201577
30.026503327961255 31.19176702079474
30.127771177296314 31.37921460324793
31.82628446247396 31.763349871090877
30.527909386535608 30.24419523058259
31.069370759197962 31.371017055611873
31.764125615333842 31.089829848516523
30.030403542017137 31.141547716135893
31.14252499243733 31.475124660234446
31.48368044177923 30.476008745763743
31.50470361411285 30.924732217813087
31.65873507449623 31.39572409727061
30.364821451056144 30.11559297583146
30.171155530458066 31.47813407814111
30.72448057291125 30.02676202641296
31.11754050358397 30.535854003358406
31.20814380120151 31.044104984708387
31.732560446223253 31.977468351022832
31.689186949542165 30.117689932458845
31.562783052605724 30.01942864612652
30.460944668858474 31.31857410096601
30.163390217190603 31.688557483627136
30.323251296991742 31.115878779437026
31.455397716712255 30.085385471495417
30.734337917671315 30.761164287499913
31.69154750245722 31.920081604684547
30.553506266821724 31.235740998225367
31.671140876249325 30.98658533671878
31.282497333123885 31.69845625407992
31.561401626126823 30.978237245999182
30.36782375950842 31.582141922660973
30.879026950483315 31.454764069000905
31.016355368794038 31.99477152461996
31.607131845717383 31.378768918573353
31.527385873252012 30.050802328927134
31.50545380816133 30.458634061231766
31.57269505607749 31.86059350733307
30.32374513937967 31.027788118889443
31.12235199445743 31.99787049450085
30.917883164429885 31.65106545388497
30.96312167384896 31.43565390388752
31.049175971950376 31.874407669415593
30.93030518682965 30.999698832036966
31.569378958889125 31.191262519785788
31.136967940434207 30.232655956340366
31.570309939523003 30.14038996626608
30.266738270211412 31.850801573944203
30.1651600085909 31.201655661973803
30.266103577350847 30.610479664394514
30.576416869523882 31.669427788150625
30.07756848475967 31.464674553854376
31.982906466657095 30.442872460729525
31.121421302156783 31.315019145444722
30.51657228868227 31.239654802096542
30.24275817592578 30.203939974036604
30.203118463417926 30.099547079734077
31.697430823458504 30.849146493494572
31.857956149606352 30.513497789562578
30.475911621889026 31.33293280268985
30.589186844125827 31.917822799121314
31.57224098354458 31.105695482431678
30.29636969471951 30.892622053792515
31.733936494442172 30.99129017877669
30.09665564647544 30.294924417374705
30.902394046474853 30.390049650865663
31.657772427043636 31.301190352250043
31.564457561306444 30.34900444892144
30.993660485224517 31.47882647469874
30.330148346189937 30.195999048664486
31.66582462573894 30.306106564506624
31.82167317935003 30.195842924531064
31.270359895798936 31.08693654448868
31.561349005407692 30.313111678125452
31.1808087823087 30.4225298088567
31.212753244074626 31.568029044433505
30.23701932651808 31.37948505049128
30.76225429891056 31.03325229763887
31.224922775498754 30.872439797763704
31.457030744393496 31.419481031459117
31.105378694970728 30.34757995774225
30.074411732237827 30.333176192633616
30.980445162958212 30.366878216140044
31.457027194338366 30.60550303236581
31.61847918887173 31.117873932419503
30.713792640349958 30.731593459682568
30.40380118962185 30.331129351362797
30.972750439333762 30.976058599263258
30.831493747164565 30.104774835441205
30.922354763209256 30.582309001963637
30.99173063045008 30.30990317336131
31.425542897982442 30.567707134601473
30.039989081715245 31.53373985183409
30.74551652660612 30.264039424759485
30.07698014065048 30.30739913835672
31.159475006057683 30.617761102114855
30.357464500754418 30.64376222124424
30.482179753079755 31.661552930772558
30.934152790627923 31.052081406789092
30.61888633575705 31.00313386331825
31.117370102716343 30.622402445396762
31.21686046120376 30.12634272827246
30.444315634285108 30.51261563841805
31.87603276381016 31.4723765474771
30.025190136689094 31.00374649830841
30.600697136074857 31.967354180499044
31.251830683942217 30.410704192458677
31.48520348156331 31.199633554538256
30.27198990867262 30.084287383583728
30.914239070408616 31.52098815130284
30.703921942019967 31.378134925363153
30.04748066492495 31.13042137696266
30.87775457357452 30.579013607252882
31.736131146359394 31.192523927612484
30.65592079920952 30.04191004725418
30.569673622596422 30.01889077445202
30.69863631813851 30.22596577682839
