893 150
30.381786786808615 31.823787294328547 762 30.4575437466499 31.902864086842456 846
30.953271792669756 31.08203716864451 681 31.5580950019738 31.043506205391143 713
31.07934248650754 31.83753916215113 448 30.281194083795643 30.376139121799362 532
30.18550420118441 31.931673582756343 494 30.7857402654476 31.96758679443012 535
31.573816582994937 31.039830837655103 684 31.115295183591165 31.167945172611404 723
31.38049933965763 30.57965064186576 663 30.14890240459298 30.561813782456333 749
30.791743423943057 30.807892912298176 724 31.595770682131267 31.074895849417857 765
30.14026085393432 31.284825283330065 689 31.646768508875702 31.184256521344505 772
30.778110409145423 31.462788985375568 685 31.16433089527563 30.01451190141289 720
30.22889146242084 30.142423104831078 566 30.230850321099794 31.6691303407354 638
30.084552311637914 29.991005176310395 650 30.629681374417554 30.203733466484692 686
30.695387634073455 30.410597163295765 839 30.759093026296203 31.427075286240086 903
30.818961135611293 30.497013266972534 820 31.344904306322757 31.30028005805717 910
31.388600442470924 31.86844305377199 700 31.812253605577954 30.112660702649503 730
30.941630242395675 30.123995011630495 839 31.691993623782018 31.01318574495924 877
31.73171342803563 30.705980629583745 876 30.482998164936923 31.51310043165856 944
30.915089899225134 30.196775872353765 370 30.78183833334369 31.622039218107005 429
31.372195088694813 30.58821409814279 664 31.850593489104636 31.12443802188062 714
30.818094880452648 31.66375749778042 609 31.12452438297007 30.92908598476431 656
30.448777578936326 31.095412739983406 770 31.32240800280301 31.96712690586318 854
31.202964696650138 31.53367607283726 799 31.714927905529105 31.108581570793856 856
31.14310277614291 31.489619459262936 827 31.987599649655508 31.283109652638462 880
31.17614756168859 31.674839445972054 479 30.035800441428144 31.60181833387442 568
30.843806745082833 32.02588456744404 649 30.795703897407225 30.998784463067082 711
30.285551551455246 30.13450183473488 428 31.81056055354715 30.969917810281103 461
30.36258040865875 30.2547658619765 762 30.48345635369356 30.33366929865901 824
30.887933232603267 31.16476131911177 489 30.779544618939294 30.9951693493185 542
31.387540121257306 31.887275928844314 715 30.735401443786582 31.771065588753284 790
30.70588807262887 31.76633957095139 749 31.63540589149844 30.783669652585317 817
31.022787325482046 30.660127073430292 775 31.658584203669633 30.627763252805032 841
30.55219960350644 31.744602845597534 565 31.76955554350411 31.57827091118835 632
31.81599925222576 31.740480524034712 543 30.573020931528102 31.696466458717442 630
30.49950027169019 30.85973100359512 568 30.461844996671022 31.85483393893738 626
30.05607455895688 31.327566665204998 611 30.596699126352483 30.000075514636023 657
30.891118319205102 31.840588494076208 730 31.953845302219047 31.6558470466985 781
30.18039829136041 31.253505811503015 728 30.96442898841517 31.24420864138268 771
31.90051951971278 30.381036521072257 827 31.346907804699605 31.499870865465148 889
30.947072006948137 31.910755198676444 658 30.428629553686864 31.42975076120805 743
30.95168327168653 30.21245934072927 363 30.202568489508803 30.132909347889253 414
31.443012345941817 30.378578116373617 450 31.898485938022528 30.94244875588585 536
30.999333392228635 31.448980749158547 828 30.25254109625688 31.54042128595458 888
30.1152022740597 30.592961367515567 749 30.0096110892084 31.975491569764504 795
31.94270183026742 31.502805396257227 620 31.51073338562998 31.338312958148155 650
30.112445701812106 31.34866407031349 650 31.416263831079842 31.653631064723452 726
30.656296025731557 30.485399890335295 727 31.789113906836953 30.70989840230526 759
31.984578954359858 30.713191423690127 507 30.484449344255623 30.56832738536501 564
30.576698672833363 31.83560025286519 576 31.69334568847888 30.792985389077145 627
31.70719587805093 31.69596645022106 749 30.767531159541274 30.711219655255235 828
31.847314721780737 30.6399605521939 448 31.956029138939634 30.4554484207283 478
30.379795440567676 30.543094063790438 842 31.800608792950005 31.350425401131254 916
31.978281333766137 31.490282173232934 628 30.025076807906864 30.955097355026695 718
30.15960408479109 30.352497358723664 746 30.93818972535685 30.14398101755873 836
30.57873903610306 31.471413435664928 671 30.427337141575528 30.753414360787907 726
30.10366382411357 31.469789478631352 638 31.61849844629562 31.547670615033105 672
30.758464819165724 30.230754636456894 623 30.73849950719132 31.473505230082043 709
31.515742983712048 30.48428751951788 534 31.061942882048424 31.715195486417382 603
31.241577559097994 31.015530949244674 579 30.230899105693318 30.481691414958803 651
31.600318619572636 31.619874822907434 555 30.378087506836966 31.59359847339593 620
31.419546655597685 30.097563040563873 706 30.675019762290777 31.59996649534615 791
31.583262148456136 31.484640956751942 777 31.708492227157862 30.031832473563515 816
31.386851783550632 30.407095361102932 754 30.941536669744732 30.127852803508823 785
30.07592471143071 30.302096642031653 754 31.489676752147794 31.691744711813755 818
31.063145308048203 30.021709864109663 674 30.00774342024993 31.77544388294494 720
31.299252114282574 30.761220518008685 421 30.262724180795644 31.767177625536448 451
31.857000394180957 30.32044133224222 666 31.100210444719092 31.253208769893323 723
31.36412990426572 30.587496133191244 498 30.556200722341856 31.74218976187109 579
30.27328942237917 31.122185009393238 788 31.447648137362606 31.24898998509913 858
31.825466423012333 30.3430085591964 660 30.353138449384364 31.446700989169813 734
30.346294495215435 31.775246768945685 761 30.842862164478795 31.447113749621646 829
31.85240209870383 31.088542207719254 701 30.47427654697687 31.853822546406537 777
30.808148236606105 31.953483214522613 695 31.044056065360163 31.42951814491182 780
31.812072620607214 30.025882297570227 546 30.57314844034846 31.716453647763405 608
31.601588850095816 30.028801217979634 415 31.279384596738634 31.618089186087484 460
31.58594999765188 31.55469621260805 556 31.83786801523176 31.40006066929072 614
30.258468781031965 30.584877235982876 651 31.07707326899436 31.0128031976427 699
31.79916832731477 30.388401443120955 683 30.507125101075967 31.827671169493748 730
30.051897504035292 31.15153936394168 812 30.02885622587318 31.973619235674647 897
30.2706545031884 30.66786492334029 470 30.08432176860877 30.014306737914158 520
30.03941108911751 31.64966357080694 446 30.975258526732187 31.407465857772415 503
30.563365492630112 31.800752921266195 563 30.123838012415785 30.39543805312322 624
31.18220857896161 31.161507084900837 655 31.856471518169617 30.517646053334484 722
31.866414148531835 31.097557327179295 709 30.109582275429084 30.541689750381803 762
30.645548791296523 30.108597265604395 634 31.57700034842907 31.28411368240969 707
30.108730244813515 30.55269361809083 757 31.98570108938215 31.377006806636338 843
31.01060485328224 31.44001901918959 504 31.28468842649412 31.229300836256666 537
30.474518814705274 30.928688729298894 789 30.243093513370443 30.2676895670824 825
31.838485826496775 30.428653420797563 645 30.68742474413102 30.88268563536096 721
30.131342213633243 31.327324104957363 706 30.679758750427023 30.67674690206217 748
30.170924323214514 30.445109850387084 750 30.53013914811731 30.56596959914014 803
31.672699206045387 30.628760517102346 850 31.913732837220024 30.373328188660132 919
30.742470621240553 30.636516638606604 562 31.93342982141226 30.534373756278875 609
31.646043441984983 30.235738198834188 733 31.378482123012397 30.823034910335437 805
31.702350701919443 31.094132572286906 765 31.061189054918014 31.128807132709444 842
31.83257216458324 30.374546170174664 655 30.10438417518344 31.444717396230118 697
30.639944835396836 31.479475560912086 806 30.105650215979306 31.20139305309186 878
30.10954652810804 30.57097883537335 661 30.554456983757213 31.775057004252883 743
31.831507347921622 29.999405086874873 727 31.363594278160473 30.47741396612211 812
31.95547506636897 30.35169790964191 746 31.7650725833285 30.837193416718154 805
30.374185476851196 30.210000857949943 667 31.35378120605104 30.236791121495887 757
31.832760898088985 31.772903770912155 548 30.620094445782318 30.14757476243065 631
31.67541397519365 31.71074663042144 735 30.302790982821307 31.489163467431187 778
31.537631995338472 30.844440959366562 680 30.124977536617628 30.308989782056464 759
30.80632503721689 30.27969975654789 708 31.144629801523696 30.007389096578585 749
30.98989650807492 30.82261265345056 725 30.291237115864348 31.349957727373734 794
31.904341620076433 30.876232195536833 619 31.042025177433633 30.794963789468277 700
30.385769608735124 30.708715278685677 730 30.43179919709914 31.33048986261879 804
30.166393847465766 31.386117129205658 608 30.9871997401577 31.323854563848048 664
30.294039175815787 30.146682920583885 559 30.41218357157616 31.142625972314463 601
30.47704786961436 29.98960029361826 572 30.968736692983953 31.367856839042062 634
31.09116844692463 30.81684776400315 710 30.725067826006516 30.94478658238799 759
30.18097418569265 30.576372434663586 703 30.563612591677387 31.353721698992747 762
30.466888667449847 31.859556803737146 769 31.47255612497793 30.182561080367297 836
30.384543277531417 31.623108836397023 476 30.75039780023776 31.102996570157337 518
31.69552419986985 30.573136999494636 739 30.87226334846089 31.872106579714888 809
30.340159614642662 30.8487409829197 517 31.554251361606003 31.580916823543035 557
30.10870167213291 30.445229994080616 743 30.934221149927442 30.740747425763175 804
30.888035203794374 31.55135797037142 618 30.14850499843487 31.89688106056748 672
30.126267696552954 31.89348631759284 819 31.21458574146094 30.63259844162789 883
31.243959538531193 30.78030599462433 747 31.705102930645157 31.428855909569847 786
30.647270559939308 31.48387951465446 677 31.406682191768287 30.84981102053882 745
30.16119397424523 30.62725401881205 440 31.459680045389756 31.071799786169198 511
31.248176589813642 30.555794018226074 597 31.615193495491866 30.59810124746396 629
30.9893520520178 30.145820255685383 789 31.39946895675433 30.488695310814602 840
31.901779797138342 30.03650709856047 769 31.419796120996892 31.944828894933252 815
30.36245381005644 31.423530895489655 792 31.524216910019934 30.348336054040647 862
31.376015886086446 30.78743461613753 801 30.691230635244064 30.35210648955567 890
30.520842885855586 30.905827240007294 640 31.750283376619645 30.94496918833088 670
31.72482958347963 31.304065269959345 728 30.365570542525038 31.440049328312895 799
31.577625942192505 31.69347419364454 641 30.72322306956379 30.400405951362462 674
31.280400913996342 31.720727110100917 695 30.474570090647003 30.112980809555474 759
30.96899393356835 30.27155098835684 603 31.08892612534736 31.931302611816342 688
30.125730460924668 30.371530680855255 629 30.26422433411913 31.846749570577124 684
30.441332392815468 30.790046988996018 725 30.02804616611404 30.787959919339134 803
30.114312503844065 31.017929694884003 541 31.17063029843456 30.64580594150651 612
31.261571892281225 30.921745084360687 883 31.373733874189487 30.646744587948344 972
30.019607005655626 30.366290351050278 621 30.930757027204418 31.035954364585848 674
31.219335836383916 31.44625041813737 663 30.16071235445463 30.577507100303663 711
30.414027315810372 31.116563249243878 599 31.87488402719134 30.284950643056554 670
31.841479114585244 31.07185953017835 693 31.199165371281 30.51280541399072 773
30.091335028176037 30.141511666320245 640 30.06136340064233 31.37217092703309 700
31.3167117925117 31.055976363225756 753 31.717525326406992 30.352143368996163 787
31.694238602134863 31.733749758036698 750 31.517938846049113 31.93818884226679 820
31.856157735148685 30.339270157601966 666 31.33862229116527 31.87153908212007 708
30.82096780731826 31.498115563257283 857 31.454112465802485 30.324924379480137 918
31.2721952161649 30.637777680036667 767 30.54664907806036 31.197273200544362 803
30.29848612562138 31.060870329196977 626 31.64268909602373 30.642613856128495 695
30.822991950628573 30.896916632400625 437 31.283757727969892 30.55930289098579 504
30.896642828526193 30.001454585898106 767 31.894153063149773 31.812100246608477 805
30.030899869319583 31.75219189115875 431 31.281767975104014 31.99348390056346 485
30.344992971235285 30.575641531261006 655 31.992273400781855 31.15503807039643 714
30.408999343209278 31.006841303513607 403 31.843300594324788 30.794364028927763 450
31.87928244139041 30.205099076420492 611 31.848087730750827 31.02082982139705 658
31.135184893167082 31.73294800358419 479 30.096746955339487 30.98488769273287 551
30.152598900337818 30.429408777881726 748 31.34990445522033 31.98275358144408 825
31.352000751456814 31.604296522815854 710 31.565710213771165 31.924686648154623 744
30.74036029569857 30.554496078368835 755 31.610331647712773 31.871076993895137 845
31.62466855664709 30.36641490311214 788 31.978711643466 31.835837922190677 821
30.052583412098798 30.10102076021987 423 31.85891200416074 31.557163212387575 483
31.18955165253943 30.417469411926405 591 31.819182888758633 30.33451066352806 662
30.015408190989017 30.12112043381572 602 30.244980740536928 30.10210609469326 637
31.81359394376702 31.308780745306965 751 30.22590398636215 30.254781070436906 831
30.992542981638834 31.505408928748555 825 30.41870215356079 31.90782431999961 893
30.963946147681433 30.164146806543936 374 30.961568324467997 30.218080178802698 456
30.634422127492044 31.56069898496146 795 30.964975156885476 31.720893552923737 881
31.074844856841587 31.452209492008205 833 30.608767177334716 31.9593122155863 878
31.420966112132074 30.877219385236824 774 31.190622378955226 31.08342043575959 837
30.539065832469543 30.207805704083324 456 30.87120550756564 30.280434045375134 503
31.573793839682263 31.461956371903835 516 30.82493720986178 30.64621068274853 600
30.463486980061937 30.598058316407368 940 31.29618964787094 30.087715671349592 980
31.11392176870381 30.428935567928015 605 30.964096766769973 30.55434893481184 636
30.442204367989522 30.586137889152674 475 31.43531037906436 30.89154231550559 555
30.38006828561585 30.151566987004834 657 31.946453450050086 31.01998541362496 690
30.14136097899734 31.286691970762035 465 31.583152639324926 31.53049997756645 526
31.31891596781538 31.354152029558623 716 30.667919732461765 30.310409486126662 748
31.28521334204621 31.9516653360428 572 31.84244920830356 30.393496444569486 649
31.61323293252882 30.542898498385366 657 31.729443415326582 30.532796250816794 731
30.670957620084508 31.47078538719297 673 31.38061555680016 30.38100875936384 747
30.520499051197653 30.393925284892426 714 31.758038944227557 31.130214163473337 777
30.940097845035353 31.95244771564261 511 30.214444137947048 30.454129091552872 566
31.894344313374848 30.959009867419255 610 31.495049048644226 31.27202872608438 671
31.68668454606086 30.257550375084403 591 30.564202830233366 31.36197218154589 628
31.88784884866569 31.30398645234495 707 30.545886485115144 30.65700210039153 779
31.54930707746664 31.29041273464904 697 30.41955340131581 30.848475530317675 775
31.591519033388156 30.4018485284391 771 31.09431881283815 31.49034197659361 833
31.53928547835065 30.540013665396714 411 30.201828669370226 31.950819537553297 485
31.702861491362796 30.05355327030107 534 31.080359380580305 31.378923918406777 592
31.470618132783684 31.812510272556477 747 31.441848590509796 31.466506459078808 777
30.172082572727824 30.112884532291257 426 31.64357031671816 30.116802361025535 460
30.06204163571414 30.78641657025301 810 30.037838998441078 30.471772841642306 870
31.63893979487413 31.22587251060219 772 31.80419920825637 31.520987293828025 837
30.64109667516081 29.96946421966019 659 31.953243154690252 30.42098740055302 702
30.190929277597707 31.161546973665242 638 30.50192820398327 30.899819297165557 699
32.03509437432778 31.357028512778935 724 31.478959733804352 30.043096795511037 806
30.005303599446663 30.117895522977705 591 30.93828360756243 31.951843681845048 657
31.157151269880274 31.034834925616426 595 30.508014026378586 30.8579025429175 648
30.27943446514917 31.25500670312538 414 31.858265689887908 31.31216079440362 459
30.865977232583983 30.88899493577713 856 31.2687430568718 30.316240978304414 913
31.62609486931051 30.339199475000967 786 31.919356502699987 30.24755424426768 837
30.248906011241708 30.575384233216344 601 31.344720013012918 30.558809826783627 673
30.620806421651842 31.64315854773622 640 30.552528940102185 30.42757861425934 709
31.52766832905647 31.324305062929582 655 31.574163337631816 30.230624329914125 741
30.107201121289837 30.410929060289 630 30.85371078174398 30.109410120030766 718
31.38425074351801 30.803686083957295 794 30.507444789655104 31.0453227930589 865
30.40888589532596 31.102398657884727 596 30.281952347162218 31.252731151327026 643
30.06581904120493 30.192730134453953 755 30.800563916133964 30.128913626450153 815
30.335478193552525 31.432417223558797 680 31.080322245008926 31.485834837124706 725
30.946249684395134 31.933043475418373 521 31.50253151240008 30.412049140627047 562
31.820509357677114 31.36567804520537 390 31.56714460607901 31.0838647891638 452
32.00490567030813 31.150095708880055 689 31.14907787983315 31.695107032665913 724
30.992809701733695 31.94605303866652 670 30.32223113144086 30.7491299555069 733
31.87694784985806 30.786191384604038 452 30.083593236993956 31.400079752318916 513
31.3533444102276 31.913625549234652 834 31.624259010097205 31.541351491463182 915
31.079391418247464 31.884999475451245 750 31.822520556907815 30.498253221710208 839
30.49385674630408 30.546910771640764 950 30.326891041520724 31.762859902881292 992
30.02289025806829 31.75707592464559 728 30.448852621477286 30.105146957796105 760
31.84177434887774 30.999293996706175 655 31.67128390498942 30.86342056338306 711
30.120840423651266 30.080946096331676 554 31.91053267519918 30.61550383276743 594
31.793307578415362 31.57883690616503 634 30.86591111806481 30.23656660607154 666
31.539893116192626 31.05323648534588 616 30.78517356136861 31.921978959837332 692
31.78908531011044 30.752209487162077 419 31.633551192657734 30.425416443549302 480
31.87245050371067 30.057482052300244 626 30.231995429027275 31.434141666903976 673
30.286939044840842 30.462267602359752 451 30.04799610038619 31.39900290204353 519
30.994417547390057 31.501171012818517 621 30.883258175661233 31.05147091793175 676
31.82520046149338 31.94949317590666 478 31.898970067950607 30.323808808412483 539
30.465410400590144 31.872719443702085 622 31.595275825088002 30.043960211841473 707
31.52775248701734 30.49005398689726 535 30.83036225216954 30.274214902557127 594
31.576535312926605 30.206536837289228 801 30.687536759895924 31.14560338351129 887
31.54100682783752 30.59149494113988 658 31.454030566795907 31.831158925399347 739
31.868332021205216 31.13569521980724 527 31.454699904174664 30.889037630689707 584
31.88236809872149 31.04122458950289 711 30.19087526093594 31.941461817590714 772
31.118783153841623 31.427145511592137 493 31.855011324254836 31.18304617126791 534
30.197621562451946 30.398929379890546 728 30.7694724749851 31.15208777133811 801
31.70478231772594 30.886398528662976 720 30.286031429071272 31.16994960779656 796
30.16224906361966 30.355692225840148 729 31.951305758288555 30.08164107788119 772
31.96321862900569 30.11809922161176 772 31.68838034782179 30.72224985997475 810
31.521610595846862 31.278378692231556 667 30.7523746227642 31.273537755215166 722
30.16695805415424 31.97505335442146 811 30.694367812189604 30.38383199932825 878
31.590520856634644 30.80682508022331 543 30.879587159525766 31.23164151154147 632
30.188195837183937 31.47705541177341 665 31.343590314623064 30.49188908218608 747
32.00736677840134 31.174022029642916 675 30.074138764136208 31.25742102195251 740
30.38449769156229 31.899735890168532 727 30.29158218152086 30.39981781829315 776
31.805449957054552 30.134724055242476 733 31.696977740989436 30.496101538613686 794
31.438750327962477 31.72536898282882 651 30.105740634483865 30.233859189178666 719
31.000145366055317 30.600369020633046 767 31.33784704120261 31.857293130639782 845
30.2652556791526 30.196501373553282 820 30.001734041045726 30.199656470923934 853
30.292580194049698 30.526995427438678 593 31.816914866561866 30.381274038316423 673
31.324124807600928 30.576100307727437 664 30.377719581801024 31.901761566414958 723
30.21701370358044 31.707550921880205 645 31.079730776312175 30.945804033618636 700
31.5727638656729 31.631631215956233 649 30.310596683468503 31.07572375815861 705
31.3684203244956 30.496907706646986 739 31.187153318260844 30.470390139526767 811
30.730670191551447 30.453624202010097 666 31.334757050248875 31.80796528340075 743
31.328457802909554 30.20394687461387 750 31.80073342907558 30.239175397461505 806
31.927832095892047 31.14269714784978 581 31.393620019502194 30.286492471834592 616
31.915887011642727 31.3122200032915 705 30.163351840526882 30.196406502549475 775
31.78855819655472 31.380864509310094 378 30.343652284706277 30.97702878634604 422
30.54003881627621 31.978985200508944 548 30.509897355591427 31.072347688873325 622
31.212630881496697 31.135028708784887 593 30.237114795953996 31.70002497204208 650
31.052799320571268 31.506617397287766 623 30.40081231461396 31.56994798011996 662
31.239737751333113 31.590340849031772 797 31.008642895789162 30.877610022754332 852
30.214152920566626 30.503976908056227 761 31.610470579705222 31.85528860092656 825
31.338634238281355 30.573079176982144 503 30.29813062592963 31.67590151164126 586
31.180772968497223 30.888281106633574 879 30.174873931884534 31.084810766885603 944
30.207383996758683 31.102450202576552 640 30.74363520086645 30.13979018792848 722
31.08099615952477 30.023318125278553 675 31.236292771847843 30.3586921057574 711
30.349400887663585 31.78564285258714 767 30.151333523704732 31.625094850784535 809
31.27409684094337 31.597041455204398 574 31.449932851685418 30.257617421459166 646
30.411563988747996 31.838242799863007 769 30.31233683861823 30.4373612748023 839
31.590794756714363 30.17668645677242 799 31.666178820259574 30.78579567042876 888
30.526576395614153 30.133243507277115 455 31.43338132024328 31.947727611067823 493
31.787872100036356 31.554264022081316 828 31.109641724587703 30.121671585522375 862
31.49647693224644 31.27870194784413 499 31.67578649204567 30.17759982837488 549
31.410662540784717 30.79973422532346 803 30.441678104040058 31.852619818827012 876
30.059377417801706 30.93592995030686 558 31.39933527920122 30.2870660696219 597
30.058699059920414 31.762543726436554 425 31.97231484085844 31.106447070715358 480
30.39022715374545 31.866313493704745 714 31.214329178091685 31.761215276238435 783
31.386059054800008 30.808596916650373 767 31.29545006442079 30.45996891493538 850
30.201461961344336 31.451332213165852 678 30.432145823115075 31.817338545170013 760
30.518050268107796 30.057368637410658 576 30.442427122109038 31.664328093679774 653
30.99177893030839 30.483248342438507 637 30.021424370014888 30.50620673782346 676
30.428047110825794 31.848373107529397 627 31.580957938763884 31.683915008473814 684
30.429910330475327 31.103889021259665 598 31.06267333247708 31.233769870805514 631
30.280098848894475 31.6366054348668 628 30.691109624029224 31.08709576933026 673
31.75410427532055 30.675333620685453 677 30.121081763817685 30.351079428306463 732
30.72747806629274 31.125715531072295 803 31.55156895718375 31.478504856567362 845
30.203542037446446 31.13995782942406 409 30.498968367045872 31.601098104993884 458
31.92703079439124 31.112023294637773 685 30.552120273536826 31.709703899389247 759
31.58865315696539 30.4698689593099 476 30.056093303669936 30.74319664226354 551
31.45419522345048 31.17536209475167 761 31.583721350718356 30.63234682254666 846
31.67988586300762 30.691165621524572 880 31.97043835034471 31.018012470227134 940
30.6908677536466 31.74958058227373 795 30.80948283227862 30.169898097332982 853
30.28084118356741 30.64646754142703 643 31.01645529201532 30.157583448814247 689
30.346105395526642 30.406454703064682 450 30.35594963014839 31.277162555069598 497
31.915866819710907 30.493972262367635 601 31.514314675973402 30.525539141131695 688
30.91456753482491 31.06923926036542 683 31.17007910858547 31.25603095963013 764
31.52627071562599 31.108257177999842 606 31.49970506295568 31.288651390070882 661
30.562257683771385 31.225955497483838 805 30.859551426131308 31.46287501679262 855
30.20250484728399 30.657451252443067 449 30.850678325606005 31.168377655072455 483
31.182756570921754 31.487238101598315 823 30.48396954435707 30.232643783160412 884
31.18648072899006 31.674522532377317 614 30.392245961061132 31.03788697317359 690
31.540809842583098 30.510649523140344 541 31.855176291818044 31.742772053274948 585
30.17552479040408 30.136209544071043 647 31.825041853130468 30.708543665226006 697
31.73694770983744 29.99753455544943 549 30.08290138231365 31.483024061173385 630
30.043144949498053 31.647921731555634 568 30.15844579385554 30.1459135613324 657
31.186845919143213 30.387433350120656 361 31.271197596328292 30.75686929627613 430
30.287276054226357 31.25206064849679 410 31.444078711240845 31.966409163432598 457
30.212685327113803 30.465173403153283 670 30.214833808810074 30.003994365384603 705
29.98406183913373 30.771359548257152 796 31.287958378901752 30.77371415508761 855
31.74230238713986 31.79703138593029 739 31.43948249988542 31.280324229337506 815
30.20886400462359 30.996736223259003 496 30.12273949553575 30.365985190070433 542
31.777644408034675 31.09045260201012 590 30.53954042210115 31.164528601916153 620
31.0594340494078 31.270262410557383 733 31.71504833562056 31.17917746074709 818
31.16808304791562 31.26329608911522 376 31.485766553820643 30.279257821918687 457
31.076749049882512 30.841224809224602 694 30.973411027122793 31.166588788517544 771
30.533751923277652 31.17837436943848 618 30.173085802749284 30.303269787464103 667
30.548638116486185 30.549223797649113 947 31.49705112931494 30.995110935382012 1004
30.827490856238054 31.680370689540457 608 31.603666971513192 31.434006978794542 686
30.79313889969473 30.835285169597878 732 30.604408108854418 30.107935517378696 765
31.519104878101004 31.33254281982808 649 30.9964788752333 31.61722526479387 715
31.73932149595678 31.305853073959838 739 31.373427654214495 30.829690944312915 770
31.243352432461734 30.385737140880245 717 31.2108852856139 31.884741450792024 777
30.79853552813113 31.92388323679788 700 30.70370628584399 30.748003556478167 742
31.537384850184182 31.926321805329593 751 31.192611942285495 31.572961039880724 804
31.471996896446655 31.225896250278232 681 31.276707849113834 30.627431146444174 754
31.13100731759029 31.696321052588132 477 31.762824338304096 31.92152113077789 556
30.332522366991828 31.934869640190247 742 31.948564127470227 30.57135483473591 790
30.11453538877847 30.37502546112396 630 31.593318559214723 31.489183829207313 678
30.77810819262525 31.44730514429888 685 30.197258359862428 30.50426243701341 727
31.91734841893212 30.09656891105575 779 31.426206073287208 31.110680618824695 839
30.079340603656924 30.01854152550772 650 31.62639859046576 31.28575561776473 735
30.620397876185763 31.826199267528185 565 31.85334677965513 30.895751944638857 607
30.287245168224892 30.24554393861555 832 30.33311241950864 31.130050846210167 873
31.444165731845107 31.118429109684605 507 31.918277047724857 31.13972802077782 597
31.406086326840597 31.904298310086173 831 30.043630707908044 31.330782425837842 918
30.559521622060007 31.516264275902863 577 30.695714479936182 31.17887277603941 660
30.364101615622335 30.572098990577807 751 30.82644361762795 30.497006723663432 811
30.349536482811377 31.44377683190928 926 30.115811072922103 30.90074526765776 1011
31.777697196787432 30.528050163296644 836 31.199902903291875 30.128888234410994 901
30.411733571630442 30.85235056354975 784 31.850381161106185 31.20161318395987 840
31.324121491134537 30.589230900681205 757 31.103875704482558 31.414466436295218 832
31.316174179239066 31.061323024947626 412 30.609448665724965 31.074243754216266 481
31.210520129626595 30.885661982185447 365 30.447070704434864 30.12926312026621 421
31.159241147980286 30.983594484622504 600 31.194733157951934 30.499644721228712 645
31.160167964996123 31.098561627185322 591 31.578130782579795 30.54352703444767 651
30.730311955416937 31.147997886087737 791 30.88131646243815 30.257407542171894 825
30.55851831635164 31.681113202621955 636 30.020739805632687 31.51727430623693 702
30.679046721526092 31.119308320088376 468 31.54409545285101 31.4142833420981 516
30.343374775140763 31.27140638598268 591 31.18261424401031 30.918809437221494 671
31.314678441552335 31.021521673148932 415 30.765551575427377 30.061790022155932 451
31.886184959503993 30.99198481992733 528 31.94454371499028 31.106367717704213 585
31.345999515100893 30.67993010007337 765 31.38095195762806 30.757141774536187 799
30.566499831030132 30.828064181951646 518 30.062880373109028 31.96927272957291 606
31.26219327032787 30.051876820272216 575 30.135915796091446 31.930537785714183 648
31.457928637715682 31.240089396573477 651 31.117532629549007 30.963237147080235 736
30.836194565198035 30.296457528211015 625 31.990286563284638 30.507422858862515 664
30.14852824762948 30.34656242277073 671 31.056350744448483 31.358643459144208 718
31.610074323475853 30.806659034345845 674 31.505622855441917 31.90737235814703 744
30.852714241188863 31.97183277715511 792 31.44797104660018 31.03838915430105 849
31.801565973385816 30.52053188797888 742 30.43349811268917 31.733487014943126 813
30.80122439991424 31.6785208687295 604 30.40234168342342 30.44386812120223 654
31.797926478240612 30.770757870797617 455 31.9989181111526 30.147336085990645 536
30.31420047300882 30.57500545375628 471 30.4778653434744 30.514511766112932 522
30.780260743275175 31.122384981995413 806 31.354552488637378 30.965574078532715 872
30.94535141211568 30.789324686709516 666 31.60946407440584 30.491860726290163 752
30.31879066467728 31.850803219320333 743 31.41042855763385 30.43641934758135 830
30.11224420758804 30.555830458485836 650 30.47005275798941 31.67730787293382 690
30.637536957173246 31.074540938142526 559 31.022123391281728 30.044962475595902 598
30.067969626695575 31.568430568579906 447 31.045397002405505 31.854828334440953 519
30.027030831606105 31.51278891205139 654 31.87071764457909 31.26618629578342 710
30.266979642345763 31.965605596613397 730 30.739377730853295 30.801911989705353 793
30.19200229168331 30.08538621072166 406 30.17258854278101 30.57371324950872 461
31.71803853375278 30.755413627275477 422 30.49988243830627 30.511030540297615 487
30.92793615721126 30.16039134362536 781 31.111410885925665 30.209886789281946 819
30.521153663691184 31.999342460007476 538 30.042012373811577 30.083599151075045 592
31.86731351310032 30.303312428330734 924 31.333866972605385 31.108300166243843 981
30.005320885903856 31.526003112255584 711 30.97578453232774 31.20570515000324 756
30.63882010260666 31.187767904707336 654 31.931718469859106 31.59267670824345 699
30.74761513084369 30.5215124575323 754 30.953898259688344 30.25680283913767 798
30.08846855551957 31.29303930056511 479 30.629288595959387 30.00048596859037 514
31.226969901468944 30.895572011492675 889 30.502383599608812 30.567626276212557 948
30.19029194851442 31.21462090262886 732 31.311000991109875 30.76257683096315 769
30.589540366408045 31.876258202089126 682 31.283497452893577 31.700051153332467 765
30.21855547923581 29.96963980341055 708 31.45291182125867 30.299064875571226 784
30.422834332260592 30.221133582498087 666 31.285006341809826 30.69374424475974 753
30.688116093452837 30.290558248061213 723 30.599835940569925 31.361513896117213 808
31.427021521647315 30.349770972860853 928 30.520638581523304 31.84861439139529 1006
31.62905818458074 30.83079140455785 703 31.863840456411545 31.786066160863186 772
31.795273174128308 31.890191292482434 606 30.00175593199941 31.511091548469604 670
31.401424145948518 30.541101179386825 744 30.469836297425065 30.904062542031507 784
31.02539474560931 31.466220097564793 826 30.23018769132233 31.06697432148884 892
31.686510991374863 31.334803321730337 513 31.380507285473392 31.537339993319 544
31.734593230657914 30.08031941086069 709 31.386723515146702 30.378604753211704 740
30.47587778538546 31.046579266713497 762 30.86192394481892 31.940384320054953 828
31.003577225009064 30.298777945380824 404 31.624507696770845 30.723879472630554 455
31.64702876644675 31.61247221546734 766 30.003243657560855 30.734383426867147 837
30.255531600973203 30.90819762675981 608 30.99829178288585 30.898108120009287 693
30.5607009786641 31.272447675969214 750 30.697883578262164 30.44601570578033 832
30.396665291695932 30.96493514818381 386 31.646087331346273 31.63476728531513 467
31.82442831603925 31.75626124319847 619 30.867965835334797 30.916653489517525 687
31.28618153883377 30.39713038655617 710 30.803513192441134 30.22412541545007 758
30.78203937430137 30.22625288616782 627 31.443119427115747 30.098805544354885 679
31.348151390436087 30.339938251664496 749 30.93999488756105 30.148958096134056 824
31.409027266205033 30.16054453492748 620 30.312226526261675 31.349009110218585 703
31.987995702765268 31.163103023655665 361 31.463680653991894 31.036600743351382 445
30.202785568070606 31.653945480699015 640 31.77551171057928 30.18636008092223 705
31.124889949057966 31.661989809841394 477 31.807913557332142 31.4325230281271 527
30.94805313851058 31.77080068485636 641 30.61922841902194 30.19816515839006 690
31.570011133221062 30.680658622920625 849 31.104111309606985 31.644671802494322 897
30.599280332418417 30.880758383312475 520 31.04576448814299 31.722880216992046 582
31.329277049897758 31.850216890231625 847 30.701494912669723 30.3250964927997 877
31.750881839776202 30.501389930909752 733 30.304011122156453 30.49425749491056 812
30.10721298945049 31.49242979305171 635 30.97906062545698 31.77548457947811 707
32.0246593046358 30.49966710651363 667 31.344876644071235 31.603314880154784 697
31.210516090093307 30.522675174949548 652 31.967275316567324 31.85055126675038 684
30.71997192510013 31.975315906671202 384 31.536791971747913 30.231803034513273 449
30.200201628224573 30.386750948244877 751 30.305933430915232 30.181137493370603 830
30.870057258681374 31.460020075599665 860 30.435724470842878 31.337867336978245 948
31.727993524251932 31.945352076012277 795 30.761346086689883 31.8188543912576 831
30.251234213203805 31.16172583860991 790 30.305661740367864 31.714141201043336 872
30.849813668877378 30.78505827640743 657 30.757396696457 30.8123621858868 722
31.68267933689129 31.415396340312906 527 30.748433139674823 30.941753435595324 565
30.602437436926287 31.172348076036265 587 30.559347818780065 30.02274254053379 639
30.11829572799359 30.091139278404082 567 30.11651598946615 31.34997154816576 605
30.289429901870967 31.919769406858638 602 30.025160731561332 30.97772860354263 685
30.75407381387255 31.1116681837671 432 30.140290852146627 30.33916347875811 472
31.095918134549244 31.215215186780682 720 31.098788944136086 30.15248157449537 787
31.840482790244636 31.186077470978045 529 31.23101596767052 30.440667239083137 579
31.889946725245863 31.76379167645534 795 30.3902375422883 30.101387853130827 841
31.153861181629477 31.475175291272432 707 30.200971609991154 31.266611999389976 793
30.33022228085554 30.59524122644412 743 30.771614510824246 31.474869825108236 818
31.900024866134782 30.423608153277513 587 30.10704966009569 30.104219387423157 676
30.540737338111892 31.229461447339553 742 30.939415152717885 31.21531796072815 798
30.062713660170253 31.544005332973285 710 31.684801182320566 30.510332722846094 761
31.783080835049418 30.673375117926366 601 30.43303344487449 31.242634442377916 691
31.41823903768281 30.846347923386816 798 31.946963851482195 31.70267566148119 828
30.13833035314074 31.372126041399085 613 31.419422213969618 31.364692050335076 684
31.244842208120293 31.63228726335197 630 31.737509094295152 31.842713915432803 701
30.427148364090957 30.42742558897835 479 31.40771717670004 30.80446295984191 538
31.8164638310801 30.199477757426493 606 30.107745890932257 31.321437615357638 696
30.722774904355994 31.307694595303094 530 31.445426911822285 30.1042681161473 571
31.350907038126717 31.562660840318063 694 30.908072651493587 31.8317282113816 739
30.73663755755866 30.48629905950141 839 30.587494247914673 30.588891687694304 878
31.09363198758389 31.897249393287435 458 31.2231567974826 30.466341725465146 494
31.454328757829455 31.24613912069892 664 30.49997054292037 30.924901820751302 737
30.818652343466347 31.027359462675427 441 30.374243308628984 31.622578007378646 477
31.860134960293074 31.79652749082857 765 30.101941647629012 30.61540275358783 837
31.0617777596876 30.56799248179893 778 30.65480243778208 31.963671158243862 847
31.8715254104701 30.821971706995658 453 30.241801840326133 31.56543628192874 501
31.70924203512781 31.414923941739236 539 31.880111494083692 30.486425647565206 623
31.514066527496176 30.136455214918243 487 31.994695166308937 31.333300334039482 567
30.31654066675253 31.14501485408939 863 30.534192263469798 31.590535856523804 903
30.72285473432337 31.80140485613412 782 30.491151128313806 30.258811195920856 837
31.514941566069215 30.508026539904712 908 30.947876644272032 30.23511736549364 975
29.995044928718986 30.289148642674675 840 31.47561177720559 31.094622343808656 922
30.227080591964594 31.766816674165803 743 30.100480425825733 30.303580988365365 803
31.387009836897683 31.506154008170512 392 31.070408431403624 31.075750351495888 462
30.817836851461855 31.23998181695065 444 31.15968057262399 31.483034755683445 503
31.47705256737881 30.362600305693036 454 30.356618811852847 30.79996963654129 512
31.538640215026824 31.62781722719075 561 30.739237831327547 30.268960877548956 624
31.764771909852634 31.101375046807828 754 31.90475943288308 30.01192465077019 824
30.094793001099738 31.443820454096453 621 31.83446635585554 30.42547986344468 652
31.724257045055644 31.138040702047114 595 30.29900416247027 30.552312153266108 648
31.542951107674277 31.300500545583457 507 31.562210667590467 30.519481424181897 545
30.26325541102239 31.061965677849155 618 31.084263441867325 30.50416036052187 649
31.956613378682125 31.15448854169728 366 30.06049303447481 31.613438950905408 449
30.5783984101942 30.045466884389544 834 30.34293621544853 31.990357794544934 901
31.399187091141986 30.332553283715967 747 30.552781394098147 30.0267865430448 824
30.752805373792565 31.211219836288084 549 31.939570120340363 30.495539587971233 623
30.453899050539583 30.8101807029926 775 30.782325110889207 31.101510883207986 837
30.869934422033793 30.6429994360215 592 31.12326709017282 31.072314612398745 628
30.31475080063183 31.715908623144408 1000 31.512433373282303 31.498533762503367 1080
30.405896560074847 31.666039625409816 555 30.070091337589403 30.076889649652806 606
31.428705797658168 31.902973550991536 386 30.20744310852112 30.779782592445983 456
30.93424335177044 30.00047246071532 764 30.08204841363353 31.12448569706528 804
30.349762391719864 31.459757910987424 736 30.174428865107014 31.92983104480606 812
31.967873742958695 30.979803229541265 685 31.77285981314621 31.31267101734546 742
30.585422099591096 30.445389681532973 706 31.23531816288216 30.70461178076562 766
31.863398372811048 31.684489161914954 604 30.092617093758452 31.004994941723606 666
30.973570115269073 30.060714492383397 607 31.160479971173867 30.101175552443728 666
30.760428297594647 31.844173379954064 825 31.58534554835275 31.478926166429428 888
31.368817902346102 31.875673096729372 843 30.086990307610122 31.31241446538956 914
31.112803528650964 31.628897356439857 471 30.40682769975544 30.636132969196208 531
30.81947912755228 31.885629598602122 683 31.992039397463042 30.068079672523904 768
31.575665888263146 31.244867424054316 711 31.840269824348553 31.642196871466915 753
30.017019603229357 30.066678835540475 575 30.348979379450807 31.925278941073238 609
30.591347520057763 30.04134794180084 653 30.120031227774408 30.076843709521505 719
30.91498764164799 30.250630255258063 795 31.50989155708327 31.097794435880314 836
29.984567819904196 31.732166838389578 727 31.62104758223391 30.90352809926627 772
31.065760082004246 30.36429642810701 671 31.517398984478685 31.89693021279276 737
31.373674226322336 30.48874991604305 608 30.638914230369142 31.362617489267254 691
31.83757215425325 31.548009192828573 484 31.261753602322344 30.384172649374634 573
29.999688995859117 31.984540420813442 589 31.056537894281412 30.69642994685473 624
31.730557957500615 30.837962164148532 426 31.13680093647337 31.706443777490737 469
30.42001836114367 30.197980142646784 663 31.937766748833145 30.23647952499985 742
31.80874923187743 31.767278657086276 687 30.688985359783363 30.522471828149513 733
30.124584119273273 30.330440685659898 666 30.006744747483772 30.207057113009704 718
30.357162055126953 31.40917944736245 725 30.849907233191317 30.815371000970018 811
30.93871837304047 31.878578501664517 745 30.93890897292417 31.511469360833026 834
30.495042863168457 31.144131193224247 617 31.42240969163052 30.059138291604782 697
31.232843241703 30.847524814926178 369 30.10337329501188 30.706277778730833 436
30.446054553686597 31.35750832908814 808 30.885519984435604 31.530546814795436 864
31.78143130842529 30.244620763242445 704 30.11298375132513 30.56114744586535 760
31.849559942781212 30.619432446890105 665 31.973688757510516 30.19691007029849 712
30.22496985566696 31.031136779793414 617 31.269081111140206 31.301295013246147 666
31.507323431068816 30.324121192480067 464 31.782657548792862 30.136047557903353 522
30.393542657210222 30.76247556508927 719 30.335265429771958 31.814227252904868 765
31.03422804501621 30.765225748063347 690 30.380633416962517 30.23352816495536 768
31.08251084739663 31.4301477381314 835 30.881248300434848 31.408117793307483 898
30.815320975318926 31.159882702501505 478 30.101439658608783 30.056775390181112 559
30.908090714421895 31.85638008389114 642 30.951451104822954 30.8323159780576 699
30.243833203092834 30.127943259040492 411 30.927365396442074 30.124790050907883 458
30.25483846390501 30.62314917863501 728 30.295126272503037 31.95918397603041 808
30.41397378591557 31.31066441809642 603 31.97714203618155 31.32116950038455 656
30.64008173851189 31.63772187127785 782 30.486395801496457 31.27219391959428 853
31.850729817664718 31.827629225835512 796 30.694105580977258 31.05750791404376 849
31.40539034157159 30.745464996535247 792 31.47143127590207 30.06844855055522 863
31.48912363718645 31.023660354749996 449 30.59689295698815 30.87245822957074 527
31.41387336785972 30.310644393578677 615 30.057248616326884 30.488360344020666 666
30.087972622309177 31.416000280091115 652 30.644385367298696 31.4051088419828 723
31.161233139713598 31.424452018944084 832 31.661707397197382 31.103875985258025 881
31.676074263678153 31.65117492081946 761 30.833313644219718 30.680057098281047 840
30.19209800215676 30.181509272791924 419 31.578465116145935 30.790810791712925 488
30.02673484106722 31.95839995801694 583 31.58103575325837 30.34193432766463 618
30.733472962351247 30.90501378265232 559 30.884019958659128 30.2833713439099 626
30.183139600529636 30.250737109715974 840 30.27938317427186 30.724770871629538 921
30.264194592510336 30.647239435606743 476 31.613897892004932 30.87442377428555 554
31.586039534986877 30.576284490389142 404 31.35457136912106 31.89947933863869 469
31.659015124163606 30.03359969069452 805 30.126167294632477 30.91221945576841 859
30.51850530306467 31.16999778221551 619 31.572868005398302 31.01065335202944 687
30.803660573789383 31.639297334308708 434 31.791195573264954 31.874658738453157 488
30.967110828808774 31.386367882616728 498 30.158521607239077 30.0471444567949 562
30.537312445219726 31.964470240993563 540 30.3638560257675 31.81910292824448 590
30.204893526049926 31.90092192157557 814 31.310176309458377 30.17302560402087 857
30.614486342665515 31.475355052700493 808 31.691098656031357 31.20744488034521 890
30.831123309684966 31.14815687581644 474 31.622834651731278 30.827534825955738 553
30.456267075710024 30.74640007474636 519 31.28292271872856 31.637980616161688 567
31.58294903151047 31.43273533012692 891 30.31866251207923 31.643879548971338 929
30.1048842286238 30.917632965193953 864 31.394242993402298 31.167426089115043 913
31.704420209134536 30.606721948510216 843 30.39575493495483 30.536788976060617 922
31.38774297924312 31.862573246772108 705 30.813671495360193 31.874398435713687 744
31.661352006827023 30.38446474848001 489 30.781871894187876 31.207589039039835 539
31.578174479378962 31.04286942730839 611 31.343236698742466 31.596346472873385 701
30.798874022942247 30.98100440446587 539 31.20468993406279 31.654947307593414 624
31.846659984875217 30.320301149260025 927 30.603747576881553 31.02463472250688 963
30.546934499209904 30.477895020847697 492 30.503345153479863 30.83890977853573 564
30.01938256143051 30.02984792288354 653 30.031881500168943 31.47285310947313 720
31.841575566209368 30.394894394852493 599 30.59570205201621 30.344650725074324 633
30.808770301315818 30.13006276603895 808 30.96585954303282 30.513918519055704 870
30.354088301852528 31.57859850071266 478 31.754450377290773 30.434835929127974 554
30.787158789719317 30.303052030318444 704 30.447292608802822 30.589863181289793 771
30.349354798901537 31.716669129863206 994 30.73674453917742 31.59935066991865 1025
30.77203880352214 31.725802158501864 616 30.74595180564766 30.61376459786443 682
31.563071348560527 30.212370688186564 809 30.46846249129293 30.160051869629104 889
30.93112794207261 30.260712404134782 633 30.75145205217985 31.4524762285701 685
31.622750706188857 30.992386950335092 693 30.653877719892755 31.37910154645734 773
31.099764097501552 31.459815581612116 716 31.926128230210225 30.43698372995275 794
30.65678839431438 31.771499709649593 751 30.61475814296781 31.133580019380094 833
29.99077146267268 30.347800204106623 848 31.882183765916636 31.189990975967444 928
30.37968967004752 31.462447772090826 726 31.567309959023834 30.21961258458478 801
30.33264074602014 31.010171877087355 414 31.109690533744974 31.895247017424076 492
31.75845375799482 31.554646697487595 846 30.27804174039441 31.218915377714765 927
31.51362683414533 31.247851261492332 666 31.38894733501619 30.521234324088002 706
30.85440425440066 30.250266662719373 760 31.775554419631252 31.152587244874688 827
31.775963074174673 30.98514511896858 458 31.733543039781907 31.91430832004425 499
31.49480663666131 30.055730635947832 508 30.625912326313443 31.129534561040288 584
31.476698518461514 31.191344621136828 760 31.628688893927794 30.8783677444702 806
31.80899953588424 30.92107426896171 467 30.48280972085788 30.41141631118261 530
30.24280567953369 31.976195182732134 485 31.683177568641 31.622877141304308 571
30.96312362401291 31.89213480154306 512 30.64777973399441 30.52748508102173 600
31.798342502622347 30.623656561642772 591 30.06692330665356 30.040461830934962 647
30.361867547228496 31.93257636754406 613 31.226003790340005 30.100251611358452 675
31.930595283783713 30.880168329032557 602 31.568956679954105 30.799601026632253 677
30.591571694215347 31.72218819258711 573 31.926369296422994 30.649856769528675 651
30.060669792785827 30.814787113716843 812 30.75375175128534 31.085767078238558 853
31.31982139567186 30.224994394392944 756 31.941079993463177 30.776312607477905 809
30.416649281075944 30.066760336773562 653 30.310757985821624 31.962059235485615 734
31.588658388493197 30.24111650775438 719 30.88825087515288 31.9387210851801 782
31.731674762595883 31.530713498142806 635 31.873191422125558 31.057159732020224 702
31.370899674418514 31.6354672070746 710 31.404451952491097 31.865215031555426 765
31.235928963592027 30.52732632482162 642 30.90613616668969 30.759154146475122 727
30.52867704593265 31.88231225699503 677 31.77910076788046 30.474271772957692 741
31.549749245021385 31.517111420264545 884 31.696259264587745 31.672288612526877 922
31.4999027687197 31.870057844223247 747 30.634240979166307 31.490421066189313 816
30.354362882489596 30.486711546812984 654 30.872766086235025 31.50500915943846 741
30.145742242596118 30.340619524529465 757 31.45721884932168 30.643142559332038 793
31.813220741177023 31.75763338242626 531 31.80113613403419 31.85678912220983 604
31.649344934743095 30.637118716173532 839 31.016998209307104 31.790943527735394 901
30.874751861322622 31.889028268782916 773 30.675044177024503 30.459744761871256 860
30.08330200921091 31.273799779324168 615 30.968398488083537 31.13426506133318 676
31.53749866624385 31.055700788427924 830 30.17433576442912 30.360971118679963 898
31.840539270379086 31.77846570023015 554 31.19538978594275 31.1049659405379 591
31.292196785301098 30.4489994295296 621 31.297163731517948 30.10930189269368 662
31.753084195529716 31.918705055022954 804 30.23643381142148 30.449261768659937 846
31.48857220520306 31.24480685473559 503 30.8267657440239 31.717539171491854 569
31.207200369899198 30.80356790708 740 30.388420214946766 31.967427610423663 788
30.815127085775593 31.104073088048604 423 30.315660133168 30.449098357132375 455
30.230798025891954 32.00137119298543 604 30.89906888969142 30.82257941000344 664
31.499861601115633 30.363409280267923 925 30.000160394024906 31.09498344051773 967
31.727143185476322 31.08743955685735 773 31.339899189958526 30.586406228543844 861
31.264672508423185 30.589912961356156 604 30.137423439109774 30.166885191395274 642
31.44867780400783 30.998518274204077 994 30.416768522398094 31.63547273480929 1048
30.211163192736688 30.118776351859058 425 31.044802696201643 31.85498975863427 456
30.05639688571987 30.061614645878997 588 30.859993518381817 31.12948370636519 675
30.773097011105246 30.145267816103225 807 31.959773883471772 30.269081293399818 896
31.481438636420624 30.995646568241554 1002 30.078860004633867 31.76936419115955 1057
30.14374600124968 30.133721096096878 637 31.742220443135892 31.947941235694806 725
31.410051355931923 31.94618103341878 391 31.558353288708002 31.24690127997489 443
31.02493405454407 31.54408764348749 630 30.385638338280653 30.092198924684205 719
31.214929090946796 31.19483872434491 660 30.97574239814476 31.905557484717388 724
31.314506262200325 31.639536738143356 560 31.195197106035536 31.93716704687711 635
30.713217861434917 30.723566869370664 753 31.287627856749584 30.524068001096964 810
31.94254890212133 31.152990970466043 585 30.396466927543287 31.831461371961268 659
31.077964751735003 31.387684224923657 829 30.648538783896512 30.79301327477146 897
30.88364649227874 31.631846179073413 618 30.28029364163055 31.88451839615804 707
31.280885458028262 30.34727492014473 583 30.565734651975713 31.577260607324664 624
31.55155761350509 30.208871621565446 481 31.252383627583605 31.575763009942907 542
30.012430623056268 30.73206312842741 557 31.074999906830534 30.72868846572449 592
31.492127661594285 31.070098464682335 843 31.060139526570236 31.46706589198568 929
31.74814683674074 31.447810512056503 701 31.10075670835152 31.850027960772707 767
30.09269132709509 30.315577042918445 764 30.218127019114718 30.709948757393075 821
31.525593593616954 30.82524293705336 669 31.51142468484696 30.092193176228317 736
31.3169538716306 30.621484397204448 490 30.647597388035063 31.98057792915546 554
31.107977153929383 30.46469980199316 589 30.621926903991486 31.459919732474965 672
30.470792364056944 31.62456042478272 657 30.148409146499667 31.26323466871093 725
31.503681606048538 30.60741239995722 411 30.927539859526036 30.36408907676507 444
30.159643122999608 31.81363678165832 739 31.006074068589594 30.084957321545964 824
30.346450298921766 30.23089708995535 826 30.010932413526703 31.748360642318247 857
31.8986214713917 30.94129960649779 528 31.88519289434674 30.423462310324524 593
31.78212655686141 30.15525282755134 732 31.13612631516939 30.642575662422704 815
31.437051115739923 31.072157735089988 446 30.20214555122528 31.97302108530156 494
31.63588875487733 30.12943833232425 450 31.41648738251076 31.165953316093987 530
30.46602626355766 31.313955720974917 802 30.212735674769412 31.250853773096132 847
31.785058913348102 30.59011469644654 444 30.2923690100249 30.87013718807162 479
30.87886282000714 30.793234489943927 863 31.522474632457044 30.843765822448617 914
31.40710587811524 31.054827654827303 403 30.55012924490864 31.010034309226008 461
31.386102625722653 30.103977154011968 699 31.746822678835322 31.073080869564418 763
31.160889188191526 31.624239632482713 634 31.913556463051076 31.359617275134934 665
30.313174287362088 30.511048724769417 745 31.70296070752762 30.52046661452386 794
29.992802803665477 31.651085764691413 571 31.535060828825625 31.077546477498714 615
31.072744256681975 31.84203763254444 520 31.401600509519984 30.60365278647657 579
31.131604131739635 31.268999617375226 730 31.696106431955094 31.478403941983863 783
30.424573473505564 31.705753540377874 555 31.567700174773645 31.999306008200875 605
30.97892382603699 30.0780167014689 795 31.355471889845113 31.3927549643266 841
31.793663134812075 31.719795679225715 619 31.381341890923597 31.194756214870694 666
30.33391479383743 30.563489267639024 470 31.851137646646663 31.245318285637502 530
30.055021134865246 31.47510021892899 648 31.96387189750132 30.239563834657172 717
30.08418005653753 30.075224747419725 563 31.324165742719106 30.4983187142436 614
31.52588261563856 30.501700624703346 903 30.13270436035577 30.947931845092093 990
31.912842370994714 30.263467708143597 598 31.308894838614048 30.88126028858654 658
30.636400127840158 31.190327272989038 639 30.820665655106616 30.664452790722283 678
30.53892059309848 30.742475044061607 396 30.707351531792334 31.10725546135842 472
31.851991497032145 31.280783473924064 700 31.81366175561411 30.515731408342408 785
31.196644675508306 31.590040995393046 810 30.786204652176597 31.42861324239606 870
30.794500751081923 30.233864852411877 755 30.57661331022726 31.840176033061272 839
31.82532904324694 31.74626422191401 778 30.59280576121443 30.428489994839286 841
30.591826126954494 31.68371454787435 650 31.213202626542465 30.172446911072402 688
30.162072486098054 31.163516761301334 405 31.81832976491604 30.4093477905404 481
31.64166231685954 30.747063393762325 690 31.59810521371857 31.965461516995063 760
30.46542650640354 30.98536799580064 403 30.019573909893456 30.74087472421319 469
30.476891736755306 30.614878776008787 567 31.875347339575335 30.08942929027725 623
31.321615584026556 31.893378091265866 582 30.26887127228939 30.077576652011704 669
30.26685784374729 30.41820198184854 753 30.02078712807855 30.331749077792505 841
31.018060556456135 30.681628875381517 765 31.182772068775193 30.013110047126077 845
30.608525795595433 31.948019557181198 668 30.684884748398527 31.052514556175304 753
31.609916968213 31.017306307997032 678 30.25925659530562 30.3869950917205 754
30.364057241922918 30.434927476476044 482 31.19592364444415 31.249857329548107 549
31.784404037232225 30.61611801273283 445 30.26412780380065 30.501995261543215 481
31.95499486314028 31.329126707432067 716 30.110079659828184 30.925781974826105 772
31.60117789645429 31.90809765825271 838 31.540989464393444 30.5307310888804 898
31.30290385230146 31.816212040543324 835 30.908803955815284 31.737253025670576 903
30.18138779970103 31.954131537133982 643 31.468013890492482 31.950915133058754 680
30.746161739784256 30.919936997422848 563 31.947652544808353 31.48174180192577 618
31.32012292661628 31.68393470346537 572 30.75525019399029 30.418400654998262 616
30.697248475027482 30.522385440905243 457 31.748016143901648 30.074192837049935 537
31.634204617143865 30.727560340019952 680 30.42078886164143 31.65831300737311 740
31.432362542246313 30.28969128932835 908 30.21200461604541 30.077158259409476 961
31.322859441299773 30.518564285303224 496 31.575691841717997 31.592582363060153 548
30.819866755548535 30.452317452388858 803 31.027782009614512 30.996730931539084 846
31.37354738713429 30.233781289935372 759 30.501607571168186 30.96884915433898 802
30.187363614856988 30.55247854527501 774 31.292986769752336 31.74675772569776 849
32.00085527854116 30.520129227023087 671 30.640175594269564 31.324286306570357 711
31.358692281822986 30.058075171095982 689 31.443602931607124 31.223340168936414 756
30.29386311292323 31.80976154903958 994 31.84048653713402 30.461299516713385 1041
30.07255988721967 30.193935617072952 768 30.40655091788072 31.282525520374868 815
30.4589076882046 30.112117528410437 834 30.85708819516047 31.979231460275322 880
30.105712139333342 30.702363561608223 561 30.948958374501576 31.81322920917186 643
31.10704256805443 30.761358198735394 587 31.326068788605507 31.174644417920312 633
30.527182344497128 30.686068360963947 567 30.9584188651984 30.275637696999624 603
31.139051112395283 31.48090861283792 712 31.187080770466945 30.717850112497594 773
30.998258399145673 30.847816708849606 715 31.7391121636192 31.900991004741613 804
30.841713443266364 31.423332953184588 856 31.877552048096472 30.315270220566745 925
31.241073738481653 30.850456612729733 380 31.916213084431988 30.570021378210356 417
31.895674118158162 31.78210593291146 814 31.7225684630946 31.33145304851889 848
30.973319573290222 31.257443969980017 791 31.278426576944067 30.263596594545067 852
30.529960285384195 30.823505465289422 558 31.447184724792884 30.131274570644997 622
31.398812871339704 31.560528473898707 381 30.90559759157161 30.97297933116674 430
30.217604172460092 29.99421506607544 712 31.214416910795403 30.411362400840797 765
30.792025835060684 31.87414253988619 752 31.77554113716393 30.401412363601942 822
30.99823463643354 30.068754750015223 601 30.683376116338128 31.777595469273113 682
30.053261802612965 30.061426250485752 577 30.856072429522914 30.54664410664128 630
30.15821265894073 30.567229333400668 450 30.470066781000167 30.738973680726396 521
30.513371121115398 30.1844173989967 443 31.113636704986185 31.738840755145247 482
30.182932864796268 31.98607017464768 611 31.957674715636973 31.126103529080574 679
30.53039934086987 30.87750547014991 658 31.48071590830064 30.761073107941534 718
30.791349541593238 31.86150230619456 742 31.751635618180945 31.00576797200831 788
31.44964976374649 31.199419876463452 530 30.41225883078482 30.364137468889744 599
31.767851821509456 29.993995403300378 727 30.775797446506434 30.573093825360687 774
30.12664673915216 30.38177197768581 465 31.527870433195968 31.978005786206367 502
30.152233580217064 31.92390587472976 610 30.017659091240684 31.468443743516627 647
30.739177604991923 31.786827423140103 800 30.11210233964508 30.044629130617523 860
30.757901688668696 30.76497820079237 631 31.32297044824741 31.365033607350057 697
30.958757083598734 30.32189358415659 593 30.015873988685843 30.379749410045118 624
30.854442543652493 29.98584414679309 773 30.50827202577016 30.147725720198352 824
30.87090863345277 31.855081146398746 742 31.288210880896596 31.782008528025244 805
30.892040744494807 31.80807097190267 498 30.406187725482923 31.69156761851616 545
30.195219040103968 30.593108399915987 744 31.73570924973115 30.113004525702767 823
30.343384717056324 30.50291920930804 837 30.788741714479343 31.492473172176148 903
30.32114138164237 30.53543767837387 638 30.04580661423256 30.11970501503954 704
30.086852218818667 31.154514682284933 807 31.51968678313118 30.952295584716957 846
30.894408077263453 31.259229829311558 794 30.37732746075254 31.745332028295316 882
30.589986820706383 31.573895450675955 617 30.653091104405533 31.4561092851723 673
31.523612815170377 31.002408645299106 1006 30.29371103370656 30.97427841523106 1086
31.07399451562593 31.873523516218683 498 31.286559960912594 30.03129271864302 583
30.735743543488727 30.67473806405002 823 31.491853066804264 31.365820509448213 895
30.10017133328078 31.33049102104861 469 31.921731997961693 30.154656946037786 540
31.80224925980594 31.58084387709172 623 30.02174249789887 31.68744758985183 707
31.800312175070438 31.50097718346274 710 30.372751014080812 30.04548496883088 792
31.79046307662412 30.28312163102572 707 30.637620804720925 31.528628106865185 783
30.502988472712765 30.75704355044723 512 30.164786504442556 31.95764773022507 554
30.6259540880649 31.1013522484229 571 31.011222241738242 30.51851097373214 635
30.792737334191894 31.65204004911657 433 30.928481917793874 31.840274381102375 498
30.6587493747166 31.45674660803649 824 30.089487804289092 31.364758276359886 863
30.534929799292197 31.64990990760258 625 30.704002263949075 31.326060819669003 669
30.190228037296727 30.512036991973673 748 31.768532790194406 30.38419644775262 785
31.835543551095228 31.08519619401779 707 30.047956233537928 31.97270657196506 744
30.37772220736643 31.912545396937738 720 30.245798987774734 31.5957392668233 777
31.590508540940604 30.801450955299188 545 30.69049780249012 31.253665685995344 587
30.62716977576544 31.475736969943092 665 31.12805189730214 31.474098837835633 706
30.04948047800585 30.99429599473192 549 30.127819163875312 30.603501351943365 580
30.389740988189875 31.82259238528376 658 30.34577022256837 30.41587137113642 715
31.023467444424625 30.54777411344512 641 31.77813061459668 31.189143882906574 693
30.378283763186886 31.459402003458422 933 30.234875252581517 30.008792432828088 1013
30.382778813707496 30.6788257860577 476 30.311940483890652 31.502698659123702 525
31.355547305259005 30.32580336697287 606 31.988994579880956 30.018394678704833 646
30.36217288926468 31.877742371141824 664 31.302497817019724 31.084553137019505 724
30.59038167784052 31.221056870540593 806 30.33690846996949 30.53594154395654 845
30.86734892859312 30.45912685246613 808 31.697280054875044 31.039145145124408 884
30.64625614835294 31.57859461417126 575 30.236431221371603 30.022554794399714 629
29.98568429421731 30.39390207124102 616 30.608222331595183 31.21616341795418 646
30.33899548713558 30.62921696042239 634 30.79547739086177 30.059893648239395 696
30.7403342103725 30.852636592785313 727 31.548087561082117 30.368138876314177 791
31.35101903923368 31.886824106761168 836 31.814829596785902 30.588086291367865 884
30.650543923743637 30.14803659797934 637 31.402253653260107 30.936024632748417 711
30.375556999168147 30.461295876388732 660 30.713586364958417 30.652298368730047 725
30.505484911119378 30.109503948779597 821 31.564550174656713 30.65330432365431 864
30.488768257069186 30.48305424171593 478 31.488197473822485 30.006112911160123 509
30.33309159515001 31.876882059768025 713 31.62998125171275 31.660368675618805 784
31.773399193925798 31.117570287783618 601 30.560795304130227 31.909549445174363 676
31.629054783788522 31.225549379477783 775 30.844839686415657 30.841680227617626 854
31.533049411247248 30.52327975160051 686 31.258285420315094 30.653968215908378 718
30.795648885894046 31.617369594027487 421 31.518600898079807 30.16888624497598 490
30.736488161005624 30.408405482315448 648 30.792842064565132 30.248452242229945 704
30.73223903658994 30.542842999532933 453 31.079103310684296 31.40376865275827 490
30.459430994083 30.14488138344734 832 30.476901976012897 31.118292703998762 863
30.382435580248238 31.320274793610608 809 31.098765005138546 31.530866128674617 849
30.109233043121332 30.33970106820943 466 30.681753742668217 31.324033330314933 531
30.15657149626034 30.343475673741935 540 31.479072499986454 30.56113419368801 599
31.088861788405225 31.517746609998884 624 31.402934934091395 30.098498832190064 689
31.90389744959075 30.28795468682185 928 31.973340181228995 31.260963289807933 998
30.188417614283875 31.164084947621397 638 31.823261213428676 31.513172159387096 673
30.4528234720657 31.63890992784245 660 30.190715668792382 31.774899227654515 744
31.529206873568093 31.87141406772726 743 31.164082716395896 31.452601863967 824
31.806228825230125 31.019095412651826 657 30.66989745990815 31.81431983915477 747
31.115945943590486 31.43295428666123 485 30.59813291675777 31.539602921141917 567
30.35092465610108 31.259801221253124 413 30.610719807238276 31.359089932560053 478
30.41849750002792 31.051738394956953 763 31.087144015638493 30.094977597879993 825
30.671594104523482 31.582897006128377 791 31.39995347022469 31.915873216334063 838
31.41723612982382 30.031545388866626 687 30.838440619472692 30.245035051689733 751
31.46846449703271 31.800371534248313 749 30.102648006152545 30.582299346838397 789
30.61322878434423 31.34564341320105 496 30.27334446829836 30.45404470143525 586
31.064240358584108 31.468568009111042 734 30.74094881237415 31.937831373333303 789
31.0459417466687 30.346149283244674 658 31.127594857288557 31.114166159969102 735
31.52421448168587 30.142762036682278 492 30.58965517869811 31.87540621346932 575
31.752520991377086 31.864576598496466 601 31.543213067188564 30.356374802553965 671
30.07594145722638 31.559684671658705 576 31.088285113370052 30.39362773230185 665
31.065306599037427 31.754869542629688 472 30.88631405279655 30.294699893557876 536
30.076520354280245 31.364638829446534 662 31.76578513666403 31.471699224495772 711
31.591087940662728 30.945973438366167 565 31.47460061605974 31.707525674752098 633
30.18615817752703 30.48270095439669 658 30.354369248403344 31.880468718431167 737
30.485819572999986 30.54356408668871 572 30.76243826288018 30.783893099118313 630
31.83345408478759 31.198499753604786 520 31.90206089972717 30.260514226298575 589
31.713985231716116 31.3764312571806 515 31.297951769553613 30.28687117119044 561
30.22479583186329 30.553227430856698 592 30.402649539604113 30.221267333983164 673
30.1759208790081 31.107134677500017 415 30.212736852108872 30.916257022953374 462
31.86150372946418 30.1265279712809 725 30.942581537752844 31.974553052327636 785
30.769883393805785 30.672126538564957 830 30.393217646024574 30.626541352602864 895
30.787544286000188 30.99130889326124 707 30.354343465927382 30.23938402610756 752
30.05744569303593 31.4456333148655 653 31.781542518671227 30.041561651939727 719
30.79200002120405 31.228241738013608 539 31.75595398649316 31.027087053632215 591
30.2605164111404 30.240179648527445 829 31.147393166211018 30.650170401359 891
31.34770604543794 31.593224029180387 391 31.68982107266181 31.15925277733086 439
30.573288771606006 30.446122182769965 705 30.914324674675683 31.61670476688878 735
30.123836909834004 30.573830623378527 752 30.466155291209585 31.245317503525456 824
30.17569266824866 30.34996880990343 668 31.316257983222318 31.763559613688717 730
31.764073407245753 30.69387317841408 753 30.994129713551626 31.282121459546875 828
30.283722438986807 30.227371568076638 566 30.272721948795013 31.07844532915445 616
30.80919837165816 30.810242861385333 625 31.785018254364484 31.111335286953405 659
31.508022637285073 31.36180505403752 654 31.006546674436727 30.05039586803041 718
30.924288256801972 30.144839193866268 830 31.143655862666556 30.836151831058388 889
30.9018424512457 30.78026846317723 660 31.722642353515614 31.75229422740342 744
31.25360693393871 31.95453724622373 578 30.98386753945799 31.94159736615754 668
30.380035844430058 31.5927472385244 487 31.239214918349255 31.656966140400563 566
31.325401541146135 30.58346462690643 596 31.658168848699678 30.767557693954846 682
31.46531319355593 30.5042628176873 668 30.825720140795728 30.264427969290193 701
30.89175395070661 31.848960209587045 602 30.084391594811088 30.60359870636323 658
30.788651943687295 31.91457025184055 387 30.266978733390598 31.447387450612037 446
31.83830920353592 30.40044023569374 681 31.70497086500061 30.192978870257797 713
30.997717928900684 31.555997806077134 616 31.36416790238407 30.062078182253092 684
31.448389367709837 29.987440038069344 501 30.031417652265603 31.941515826094385 579
30.314730134018024 30.633818618042998 633 31.09524439599579 30.157616756561545 664
31.41922892650544 30.570971154073124 685 31.613965843300956 30.24510211096164 724
30.738401520128996 30.67001034922303 833 31.22072254650408 30.937893217398795 885
30.655885527316393 31.148268526541443 593 31.984299199444656 30.059835223585132 639
30.227182376032612 31.326840218132805 518 31.367214738687377 31.870276108745475 575
31.976484053151506 31.032507928095814 682 30.54142354622449 31.26462434536855 752
30.93686035250793 31.830819493747057 505 30.499757729190645 31.96344291397297 548
30.339028849186565 30.42295295168276 465 30.91646930423935 31.93199757092356 518
30.633210557997277 31.83204984223351 578 30.210020217202324 31.79445956139834 656
31.733302639367704 30.79982839180616 432 31.76427568828403 30.567886142422154 478
30.839889493715653 30.203179910926313 748 30.76045123731824 30.869161789765162 794
30.501119716473674 31.64988610404407 481 31.484015108669432 31.005851055235212 540
31.34504530062496 30.461620623820693 757 30.478120656609452 31.003131187537583 824
30.666031047873354 30.657589251488975 757 30.966884510496048 30.97238377876758 827
30.577897759414192 30.073630168846293 820 31.311697403824397 31.57907398287935 878
31.45899232711375 31.11189332402829 503 31.585940681575032 31.024521777118128 577
30.774800168393874 30.948213959111772 540 30.882754992592478 31.590764760058416 618
30.53262331391363 31.169859771989 801 31.02136530888183 31.46838945192612 834
31.923536399948226 30.08094211282675 622 31.033615691353642 30.06666804118157 680
30.68234993592699 31.29513944731036 538 30.24653057704364 31.440109084978467 618
30.1221568083467 30.214290365126566 714 31.707990791581974 30.020548488364163 799
30.15074295033003 30.35391788029834 477 31.440192394831506 30.394252031700336 544
30.79023142277344 31.856666989011856 745 30.962442124364202 31.928069671940257 824
30.851556732604678 31.916717189369606 612 31.80281169681206 30.668852410789647 669
30.98746449708558 30.178733556176333 828 31.09805039655842 30.53262513420914 905
31.615517316195564 30.641811845093812 845 31.225171757961473 31.444722159631798 882
30.041470062891054 31.318719420986433 604 31.45396082661085 30.522327819944987 677
31.655710822439566 31.826541893879867 855 30.23316981002047 31.451809092133853 887
30.37286216600995 30.768939062396772 522 31.24091217372524 31.905660229003335 574
30.826711278303417 30.947675473392216 552 31.04425614986085 31.50618705295311 621
30.540363818600795 30.702161961473166 585 31.616190714212173 31.66136190657137 647
31.953639081009225 30.669054404124466 517 30.53089042841212 30.705067767425867 576
30.656056536063062 31.357617146329172 523 31.561799825149254 31.923909391993874 574
31.31273448758692 31.36601665690963 744 31.871419697207738 30.387394682406523 821
31.35522272242557 30.080339379847963 681 30.0057004637338 31.53745579894105 750
31.284745211882218 30.862452858068462 661 31.93633410269811 30.38905195894019 740
30.562680145444688 30.0480024176089 814 31.60933096972261 31.09011713463204 851
30.749035338089378 31.828123000035156 839 30.376794350717635 31.453438652158024 924
30.245380223225194 31.401604200994328 733 31.58551739581418 31.473866627237783 768
31.243108584585325 31.183136153450107 665 30.322798392305618 31.091029820159893 724
31.512608757162592 31.515497716899354 374 31.134490876605348 30.066278806512425 411
31.59126010411999 30.85282366860468 553 31.843177400682553 31.709817999177314 609
31.759158837656702 30.04335948924749 541 30.361418698860057 30.221748704794873 623
30.94552442876669 30.252282439890994 807 31.717163638415034 30.700338595293054 874
30.393554626230152 31.655806107330818 548 31.16732814448062 30.04933949974855 596
30.094378526560387 31.445932179412516 561 30.78812977834353 30.919027943193875 604
30.96332608226395 30.307306420611017 403 30.25554708216856 31.108433643792196 482
31.737653329562406 30.481957835718404 734 30.463135723158953 31.81160101029345 791
30.011817563274523 31.551889230793275 702 31.005745065753313 31.878506748827245 762
30.583394199163727 31.598368499590592 898 30.417586858774808 31.7959402704688 943
30.702350470933 31.941090628952495 393 31.888837680628125 31.466823323888775 460
31.76326343527788 30.090987835891294 545 30.198334678926123 31.394938920079834 598
30.854997524127345 31.625191866045952 616 30.581722391703053 31.134407846256018 654
30.49446739918698 30.769303809258314 530 30.451266146995042 31.721785044378993 605
30.589117167919106 31.728352713360696 626 30.592025910742738 30.209525696118437 665
31.03590892353454 31.85134370051488 525 30.263841143728175 31.72782604953804 610
31.422528660367654 31.0249702428249 514 30.32818549775687 30.600698867755764 568
30.521335128003923 31.59326910138634 463 30.324335126889014 31.777842774660254 497
30.884940786341026 31.801314340906913 488 31.539208490497817 30.521829295722025 542
30.15075958126314 31.33619630434404 613 30.67848107783861 31.632292984901614 687
30.300096427197172 30.51289472062317 846 31.934020543499237 31.702140802544072 899
31.769883514463643 30.622347837880618 602 30.23441983627773 31.12754625073191 634
31.125453396236846 30.410591754727324 673 30.133724657323008 30.470983258561443 746
31.643934300301122 30.991498077534338 568 31.968043528948062 30.356131703537596 614
31.82552868092526 30.37948464665928 683 31.655518480924535 30.46601181703399 765
31.830712448144787 31.121465553495867 711 31.739993701444945 31.849527291897786 778
30.28688596539227 30.04417662583008 659 31.821540291367757 31.811241355961627 713
30.841392221881584 31.709162855483463 621 30.662441481536387 31.988773353939607 694
31.428122736948133 30.16892990719511 626 31.760674537451575 31.49717337463481 663
31.31166211794844 30.540222508169133 617 31.015044629318286 31.857972952117976 702
31.07327048278132 30.774358924685053 598 30.616354480031514 30.252682016559433 633
31.7878825242885 31.45130793238764 717 31.608217379446483 31.44936598099907 780
31.735429561240647 30.523807575098513 741 30.764148902541077 31.33350051736751 807
31.523991576124896 30.825506821663467 671 30.616521232139167 31.260202481020976 726
30.091526189432674 31.11303843335101 813 30.109296980401414 30.234729349950175 863
31.81127935234904 31.372508314053405
31.71602293197043 30.7946301608392
30.8970373941567 30.006482901852845
31.155298999984545 30.422609522404358
30.38064000675145 30.80198129218513
31.761115888100388 30.751903472831707
31.11137862254389 30.86580203707114
30.273744608384074 31.293747117159633
30.013360651429394 31.362705474546893
30.269782393836955 30.182487513849438
30.740926912288852 30.427850850619613
30.514622995893607 30.17183637553743
30.588024073976122 31.691957637166613
30.0997615130255 31.310084538723487
31.42555098042428 31.01689146071218
31.832927746647083 31.757000039980284
30.519654894977954 31.27145173921198
31.199467103500563 30.894777102865348
31.718225283044067 30.439331227152515
30.494389070922274 30.782322421359325
30.888907989970154 31.86983979815686
31.624936893192427 30.367539742000748
31.900078215907 30.89880151170465
30.22911947665248 30.434829320325907
30.71942515357715 30.5659165150342
30.459439537415182 31.052854827776084
31.852904475612664 30.18340868624978
30.72898314331333 30.596441569087517
31.49447745246591 30.186525141191193
30.34166363387858 30.549234483322206
30.941813150498714 30.35864281561604
31.429660558931815 30.35792093392617
31.504624860334857 31.493027616562678
31.53738867203263 31.272797622303788
31.768427331648454 30.003999602943956
31.993316214958767 31.32306083020356
30.70503209142232 30.251289076583276
31.811575012452526 30.25767183713148
31.817271689792225 30.671137620936946
31.318387266035952 31.703679580029416
30.136062411240374 31.538195130976924
30.377124709098837 31.2684124158515
31.218153680101054 31.42982473958629
30.024306791373533 30.047570197664864
31.820471690249416 31.763412293492344
30.04668945472767 31.41156742325365
30.179277591902192 30.38403733973139
30.47513873958606 30.02596017418904
30.191176675206826 31.408387446379724
31.144089540423384 31.628510598723928
30.872874202911937 31.98526969808826
31.004639797656193 30.83776564800561
31.980474276656125 30.673304757180425
30.25735975072298 30.132704558648854
30.395070342111104 30.452788697141568
30.728082709291584 30.489619936766967
31.674012689187844 31.369902170329187
30.088642102295594 30.054288956439503
31.742619372785164 30.63829219684278
31.236537962392724 30.812179352173153
30.28336577558395 31.551198031430904
30.791804998815167 31.673843680345325
30.968922289156733 30.70705269057747
31.12770725413568 31.256425221239226
30.74647043251217 31.939864133038057
30.082474026252537 31.49942206154715
30.270261569200645 30.62418672255995
31.533018512725288 31.809232475626548
30.667053893397345 30.14620459934808
30.508730888421034 31.601353731437364
30.967305538559707 30.30655327704913
31.81765772146895 30.592964726791173
31.835803955942726 31.40180851118937
31.202500642511378 31.164522720091465
30.32669889366563 30.2353937760843
31.809576337452285 31.98137152038727
30.32934317597412 31.85766844014416
30.60283713229559 31.110044157352405
30.191812815254487 30.608450442537908
31.34119770072802 31.30774396512422
30.755389394567604 30.57027474808495
31.459569907219645 31.9050722190351
31.215371400890245 31.038976523181745
31.75877153911035 31.133582914889818
30.823046124081912 31.98767602555466
30.088657028609408 30.94506915496897
30.379871729034825 30.579237790669506
31.6630309249982 31.65126685510334
30.19977276030833 31.963090836771464
30.81013642165481 31.694171608909926
31.058534101694644 31.845166217552745
31.809891389332957 31.74426074813942
30.41313090359279 30.104768162193782
31.99200467437166 31.160722977348414
30.316500950501375 31.92620197348682
31.678965092912225 30.229662891983097
31.324557614045624 30.602017904276313
31.18982083832081 31.00837845387786
30.38067508121465 31.386876445478652
30.56694484211599 31.38049962009166
31.333144348036353 31.054596899393992
31.09414503905893 31.933400025081873
31.797607344803126 31.748633462286506
30.306026576793645 31.2773413251907
31.75229728844243 31.125132127225882
31.611170140529328 30.984227171613767
31.370969428108047 31.554825164652875
30.086853827789078 31.367638113728045
31.64000531088348 30.040363531716896
30.699821420466172 30.29331256477413
30.776078806797212 30.43600389718717
30.41410715142817 30.577830791384102
30.162931966876137 31.146419886390007
31.289716893697868 30.601492155781358
31.455063407204094 31.738229170259807
31.257073564870723 31.12250267179892
31.36497918794357 31.07779505724834
30.871432928053423 30.946674944383425
30.166387642238014 30.986713532636468
30.552449093189765 31.7570347396651
30.776277999439625 31.07212151349924
30.43927194942728 31.0132804170367
30.07351231748451 31.72940519869348
31.772356780461585 31.295938552658896
31.145881338498445 30.338756174251138
31.27819943049248 31.406242053517477
30.235091700227244 30.910447322685645
30.301669210355715 30.670469310919515
30.1700511745512 30.5278907307854
30.151515580643444 30.07890247559579
31.01531999863107 30.614096251319417
30.417305144664887 30.633807966491187
30.10871894412969 31.33468967920684
30.59300340146804 31.528310817054574
31.352914880597332 30.197355121446463
31.060697075076483 31.52583662756493
31.548901158586723 30.585865772524244
30.20649559982236 30.63827829769858
30.269402322487423 31.409770642378795
30.9250390948384 30.19874644378736
30.689554888368 30.232696934145757
31.29068858979634 31.05814142807539
30.8547435863722 31.255367674199487
31.922766792342983 30.911185986444835
31.404383732508858 30.581230320124508
31.7263411152517 31.37960575707537
30.070194306996704 30.18904994552957
31.302932453131028 30.630653450969874
30.23590020056117 30.47912407728792
30.25207026927138 30.550081537801365

